87/10/17,862.0,14915.0,17.6,17.8,16.8,16.8,-1.20,211.0
87/10/19,3595.0,56766.0,15.7,16.7,15.7,15.9,-0.90,1090.0
87/10/20,1496.0,24166.0,16.2,16.4,15.9,16.1,0.20,449.0
87/10/21,948.0,14831.0,16.0,16.0,15.2,15.9,-0.20,259.0
87/10/22,615.0,9574.0,15.9,15.9,15.3,15.6,-0.30,144.0
87/10/23,800.0,12111.0,15.3,15.4,15.0,15.2,-0.40,222.0
87/10/26,1158.0,17463.0,15.1,15.4,15.0,15.2,0.00,214.0
87/10/27,497.0,7485.0,15.2,15.4,15.0,15.1,-0.10,114.0
87/10/28,618.0,9306.0,15.2,15.2,15.0,15.1,0.00,97.0
87/10/29,914.0,13792.0,15.1,15.3,15.0,15.2,0.10,105.0
87/10/30,949.0,14423.0,15.1,15.5,15.1,15.5,0.30,140.0
87/10/31,1094.0,16943.0,15.5,15.7,15.3,15.7,0.20,196.0
共12筆
1.「＊」表示該日為該股票上櫃掛牌首日，其掛牌首日之漲跌係以當日收盤價減承銷價計算而得。
87/11/02,865.0,13348.0,15.5,15.6,15.3,15.5,-0.20,171.0
87/11/03,435.0,6622.0,15.4,15.4,15.1,15.3,-0.20,112.0
87/11/04,551.0,8313.0,15.1,15.3,14.8,15.2,-0.10,115.0
87/11/05,425.0,6385.0,15.1,15.1,15.0,15.0,-0.20,92.0
87/11/06,1041.0,15773.0,15.1,15.4,15.0,15.4,0.40,207.0
87/11/07,477.0,7310.0,15.3,15.5,15.2,15.5,0.10,162.0
87/11/09,294.0,4521.0,15.4,15.5,15.3,15.5,0.00,112.0
87/11/10,734.0,11197.0,15.4,15.5,15.0,15.5,0.00,147.0
87/11/11,118.0,1786.0,15.2,15.2,15.0,15.2,-0.30,39.0
87/11/13,261.0,3958.0,15.2,15.2,15.0,15.2,0.00,82.0
87/11/16,253.0,3819.0,15.2,15.2,15.0,15.2,0.00,88.0
87/11/17,290.0,4372.0,15.1,15.2,15.0,15.2,0.00,103.0
87/11/18,887.0,13474.0,15.2,15.4,15.1,15.4,0.20,206.0
87/11/19,1831.0,28072.0,15.3,15.5,15.1,15.5,0.10,239.0
87/11/20,445.0,6860.0,15.5,15.5,15.2,15.4,-0.10,124.0
87/11/21,503.0,7599.0,15.4,15.4,15.0,15.2,-0.20,125.0
87/11/23,224.0,3374.0,15.2,15.2,15.0,15.1,-0.10,67.0
87/11/24,476.0,7134.0,15.1,15.1,14.7,15.0,-0.10,118.0
87/11/25,350.0,5105.0,15.0,15.0,14.0,14.4,-0.60,61.0
87/11/26,227.0,3157.0,14.0,14.3,13.6,13.8,-0.60,96.0
87/11/27,300.0,4040.0,13.6,13.6,13.4,13.4,-0.40,90.0
87/11/30,99.0,1279.0,13.5,13.5,12.6,13.1,-0.30,50.0
87/12/01,128.0,1642.0,13.1,13.1,12.7,12.9,-0.20,50.0
87/12/02,172.0,2180.0,12.7,12.9,12.5,12.8,-0.10,74.0
87/12/03,121.0,1558.0,12.8,13.65,12.6,13.65,0.85,58.0
87/12/04,282.0,3965.0,13.5,14.6,13.5,14.6,0.95,103.0
87/12/07,276.0,4155.0,15.5,15.6,14.5,14.65,0.05,108.0
87/12/08,131.0,1934.0,15.0,15.0,14.1,15.0,0.35,49.0
87/12/09,248.0,3673.0,14.9,15.0,14.6,15.0,0.00,72.0
87/12/10,307.0,4516.0,14.6,15.0,14.2,15.0,0.00,125.0
87/12/11,400.0,5704.0,13.95,14.9,13.95,14.8,-0.20,94.0
87/12/14,279.0,4084.0,14.4,14.8,14.2,14.8,0.00,63.0
87/12/15,176.0,2589.0,14.4,14.8,14.3,14.8,0.00,30.0
87/12/16,228.0,3351.0,14.5,14.8,14.4,14.8,0.00,57.0
87/12/17,257.0,3723.0,14.7,14.7,14.2,14.65,-0.15,68.0
87/12/18,383.0,5551.0,14.2,14.65,14.2,14.65,0.00,67.0
87/12/19,175.0,2514.0,14.3,14.5,14.25,14.5,-0.15,64.0
87/12/21,262.0,3750.0,14.3,14.45,14.0,14.45,-0.05,57.0
87/12/22,400.0,5723.0,14.25,14.4,14.1,14.4,-0.05,93.0
87/12/23,786.0,11295.0,14.25,14.6,14.0,14.6,0.20,89.0
87/12/24,156.0,2240.0,14.3,14.45,14.2,14.45,-0.15,29.0
87/12/28,137.0,1936.0,14.25,14.25,14.1,14.2,-0.25,26.0
87/12/29,151.0,2097.0,13.25,14.2,13.25,14.0,-0.20,52.0
87/12/30,392.0,5279.0,13.8,13.8,13.1,13.7,-0.30,65.0
87/12/31,139.0,1846.0,13.5,13.5,13.2,13.3,-0.40,37.0
88/01/05,39.0,489.0,12.8,12.8,12.4,12.4,-0.90,22.0
88/01/06,100.0,1254.0,12.5,12.5,12.4,12.4,0.00,30.0
88/01/07,74.0,911.0,12.4,12.4,12.05,12.25,-0.15,30.0
88/01/08,102.0,1243.0,12.25,12.35,12.0,12.2,-0.05,37.0
88/01/11,91.0,1093.0,12.2,12.2,12.0,12.0,-0.20,36.0
88/01/12,44.0,523.0,12.0,12.2,11.7,11.7,-0.30,25.0
88/01/13,83.0,934.0,11.5,11.5,10.9,10.9,-0.80,39.0
88/01/14,84.0,923.0,10.7,11.65,10.7,11.1,0.20,37.0
88/01/15,77.0,847.0,10.7,11.2,10.7,11.2,0.10,45.0
88/01/16,88.0,981.0,11.2,11.2,11.0,11.1,-0.10,35.0
88/01/18,90.0,995.0,11.0,11.3,10.95,10.95,-0.15,33.0
88/01/19,43.0,471.0,11.0,11.1,10.8,11.0,0.05,18.0
88/01/20,36.0,376.0,10.3,10.6,10.3,10.55,-0.45,19.0
88/01/21,83.0,878.0,10.45,10.85,10.45,10.85,0.30,19.0
88/01/22,30.0,329.0,10.8,10.9,10.8,10.8,-0.05,24.0
88/01/25,15.0,159.0,10.8,10.8,10.5,10.55,-0.25,16.0
88/01/26,74.0,766.0,10.5,10.5,10.3,10.3,-0.25,24.0
88/01/27,106.0,1087.0,10.4,10.4,10.2,10.2,-0.10,32.0
88/01/28,43.0,437.0,10.2,10.3,10.0,10.1,-0.10,20.0
88/01/29,124.0,1200.0,10.0,10.0,9.4,9.75,-0.35,49.0
88/01/30,45.0,423.0,9.5,9.75,9.2,9.5,-0.25,19.0
88/02/01,51.0,471.0,9.2,9.4,9.2,9.2,-0.30,17.0
88/02/02,49.0,443.0,9.1,9.45,9.0,9.45,0.25,28.0
88/02/03,36.0,326.0,9.2,9.3,8.9,9.3,-0.15,23.0
88/02/04,90.0,803.0,9.1,9.1,8.7,8.95,-0.35,34.0
88/02/05,178.0,1528.0,8.95,9.0,8.35,8.4,-0.55,45.0
88/02/06,119.0,1021.0,8.6,8.95,8.25,8.95,0.55,37.0
88/02/08,76.0,718.0,9.5,9.55,9.05,9.55,0.60,26.0
88/02/09,62.0,575.0,9.7,9.7,9.0,9.2,-0.35,31.0
88/02/10,62.0,552.0,9.0,9.15,8.8,9.0,-0.20,26.0
88/02/20,74.0,650.0,9.4,9.4,8.6,9.15,0.15,25.0
88/02/22,133.0,1272.0,9.15,9.75,9.15,9.75,0.60,50.0
88/02/23,168.0,1671.0,10.0,10.15,9.8,9.95,0.20,57.0
88/02/24,60.0,590.0,9.95,9.95,9.35,9.85,-0.10,28.0
88/02/25,83.0,798.0,9.2,9.9,9.2,9.9,0.05,52.0
88/02/26,62.0,592.0,9.6,9.7,9.5,9.5,-0.40,30.0
88/03/01,37.0,352.0,9.5,9.5,9.35,9.5,0.00,16.0
88/03/02,46.0,437.0,9.5,9.8,9.4,9.4,-0.10,27.0
88/03/03,39.0,371.0,9.35,9.75,9.35,9.7,0.30,22.0
88/03/04,34.0,319.0,9.3,9.7,9.2,9.6,-0.10,22.0
88/03/05,44.0,419.0,9.7,9.7,9.4,9.4,-0.20,24.0
88/03/06,10.0,93.0,9.8,9.8,9.3,9.65,0.25,10.0
88/03/08,57.0,533.0,9.3,9.5,9.3,9.4,-0.25,18.0
88/03/09,21.0,197.0,9.5,9.5,9.3,9.4,0.00,12.0
88/03/10,21.0,196.0,9.4,9.4,9.3,9.3,-0.10,12.0
88/03/11,62.0,573.0,9.3,9.3,9.15,9.15,-0.15,22.0
88/03/12,67.0,608.0,9.55,9.55,9.0,9.25,0.10,25.0
88/03/15,84.0,756.0,9.0,9.05,8.9,9.0,-0.25,26.0
88/03/16,103.0,922.0,9.05,9.05,8.9,9.0,0.00,37.0
88/03/17,129.0,1160.0,9.2,9.2,8.9,8.95,-0.05,35.0
88/03/18,110.0,966.0,8.5,8.95,8.5,8.75,-0.20,39.0
88/03/19,257.0,2332.0,8.8,9.25,8.8,9.15,0.40,60.0
88/03/20,281.0,2591.0,9.25,9.5,9.1,9.15,0.00,58.0
88/03/22,136.0,1250.0,9.25,9.3,9.1,9.15,0.00,34.0
88/03/23,223.0,2123.0,9.7,9.7,9.45,9.5,0.35,56.0
88/03/24,505.0,4950.0,9.5,10.1,9.5,9.8,0.30,151.0
88/03/25,240.0,2367.0,9.8,10.0,9.7,9.85,0.05,59.0
88/03/26,145.0,1417.0,9.9,9.9,9.7,9.7,-0.15,50.0
88/03/29,170.0,1654.0,9.9,9.9,9.6,9.6,-0.10,55.0
88/03/30,294.0,2890.0,9.85,10.0,9.75,9.85,0.25,85.0
88/03/31,1522.0,15892.0,10.0,10.5,10.0,10.5,0.65,256.0
88/04/01,995.0,10544.0,10.9,10.9,10.2,10.3,-0.20,244.0
88/04/02,368.0,3854.0,10.4,10.6,10.4,10.6,0.30,104.0
88/04/03,273.0,2863.0,10.7,10.7,10.4,10.4,-0.20,86.0
88/04/06,225.0,2345.0,10.5,10.55,10.2,10.45,0.05,78.0
88/04/07,218.0,2256.0,10.5,10.5,10.2,10.5,0.05,62.0
88/04/08,271.0,2847.0,10.5,10.6,10.4,10.5,0.00,81.0
88/04/09,225.0,2352.0,10.5,10.5,10.35,10.35,-0.15,60.0
88/04/12,196.0,2025.0,10.5,10.5,10.2,10.2,-0.15,65.0
88/04/13,177.0,1802.0,10.2,10.3,10.1,10.1,-0.10,57.0
88/04/14,172.0,1746.0,10.05,10.25,10.05,10.1,0.00,47.0
88/04/15,235.0,2416.0,10.5,10.5,10.15,10.2,0.10,62.0
88/04/16,220.0,2233.0,10.3,10.3,10.1,10.2,0.00,57.0
88/04/17,292.0,2977.0,10.3,10.3,10.1,10.3,0.10,68.0
88/04/19,189.0,1941.0,10.2,10.3,10.2,10.3,0.00,65.0
88/04/20,263.0,2699.0,10.4,10.4,10.2,10.2,-0.10,71.0
88/04/21,380.0,3865.0,10.2,10.3,10.1,10.1,-0.10,80.0
88/04/22,102.0,1031.0,10.1,10.2,10.0,10.0,-0.10,34.0
88/04/23,130.0,1313.0,10.0,10.2,10.0,10.0,0.00,41.0
88/04/26,112.0,1127.0,10.1,10.2,10.0,10.0,0.00,40.0
88/04/27,225.0,2258.0,10.0,10.1,10.0,10.1,0.10,54.0
88/04/28,189.0,1894.0,10.0,10.2,10.0,10.0,-0.10,48.0
88/04/29,212.0,2126.0,10.1,10.2,10.0,10.0,0.00,43.0
88/04/30,122.0,1223.0,10.0,10.1,10.0,10.0,0.00,46.0
88/05/03,249.0,2523.0,10.0,10.2,10.0,10.15,0.15,70.0
88/05/04,242.0,2446.0,10.2,10.2,10.05,10.15,0.00,66.0
88/05/05,282.0,2857.0,10.2,10.2,10.05,10.15,0.00,77.0
88/05/06,950.0,10164.0,10.2,10.85,10.2,10.85,0.70,244.0
88/05/07,1205.0,13672.0,11.0,11.6,11.0,11.6,0.75,310.0
88/05/10,1682.0,20580.0,12.0,12.4,11.7,12.0,0.40,470.0
88/05/11,595.0,6855.0,11.8,12.0,11.2,11.25,-0.75,192.0
88/05/12,324.0,3596.0,11.25,11.25,11.0,11.1,-0.15,80.0
88/05/13,314.0,3457.0,11.1,11.15,11.0,11.0,-0.10,85.0
88/05/14,125.0,1375.0,10.9,11.15,10.9,10.9,-0.10,47.0
88/05/15,229.0,2468.0,10.8,10.9,10.6,10.7,-0.20,81.0
88/05/17,248.0,2611.0,10.5,10.8,10.4,10.75,0.05,102.0
88/05/18,221.0,2307.0,10.8,10.8,10.1,10.25,-0.50,91.0
88/05/19,196.0,2008.0,10.3,10.3,10.1,10.15,-0.10,71.0
88/05/20,156.0,1610.0,10.1,10.7,10.1,10.35,0.20,60.0
88/05/21,95.0,985.0,10.1,10.45,10.1,10.3,-0.05,48.0
88/05/24,38.0,403.0,10.7,10.7,10.3,10.65,0.35,19.0
88/05/25,202.0,2063.0,10.6,10.6,10.1,10.1,-0.55,55.0
88/05/26,99.0,1011.0,10.5,10.5,10.15,10.2,0.10,27.0
88/05/27,115.0,1176.0,10.2,10.5,10.2,10.3,0.10,31.0
88/05/28,117.0,1205.0,10.3,10.3,10.2,10.2,-0.10,29.0
88/05/29,101.0,1024.0,10.2,10.2,10.1,10.1,-0.10,34.0
88/05/31,96.0,965.0,10.0,10.1,10.0,10.1,0.00,33.0
88/06/01,117.0,1178.0,10.1,10.2,10.0,10.05,-0.05,31.0
88/06/02,129.0,1283.0,10.1,10.1,9.6,9.7,-0.35,50.0
88/06/03,88.0,857.0,9.7,9.8,9.6,9.8,0.10,29.0
88/06/04,82.0,799.0,9.8,9.85,9.6,9.8,0.00,29.0
88/06/05,102.0,1021.0,9.85,10.05,9.85,10.05,0.25,43.0
88/06/07,41.0,403.0,9.8,10.0,9.8,9.8,-0.25,14.0
88/06/08,100.0,975.0,10.0,10.0,9.65,9.7,-0.10,36.0
88/06/09,164.0,1599.0,9.8,10.0,9.65,9.8,0.10,57.0
88/06/10,121.0,1177.0,10.0,10.0,9.5,9.6,-0.20,54.0
88/06/11,156.0,1502.0,9.55,9.7,9.55,9.6,0.00,35.0
88/06/14,22.0,211.0,9.5,9.65,9.5,9.5,-0.10,17.0
88/06/15,81.0,772.0,9.5,9.6,9.5,9.5,0.00,30.0
88/06/16,82.0,762.0,9.5,9.5,9.0,9.3,-0.20,36.0
88/06/17,36.0,333.0,9.3,9.3,9.1,9.2,-0.10,15.0
88/06/21,247.0,2164.0,9.0,9.15,8.6,8.85,-0.35,98.0
88/06/22,141.0,1300.0,8.9,9.45,8.9,9.45,0.60,43.0
88/06/23,73.0,693.0,9.75,9.8,9.05,9.2,-0.25,37.0
88/06/24,36.0,326.0,9.2,9.2,9.0,9.0,-0.20,15.0
88/06/25,107.0,985.0,9.2,9.5,9.05,9.05,0.05,30.0
88/06/28,55.0,507.0,9.5,9.5,9.1,9.2,0.15,17.0
88/06/29,127.0,1152.0,9.1,9.3,8.9,9.1,-0.10,52.0
88/06/30,82.0,741.0,9.2,9.2,9.0,9.0,-0.10,23.0
88/07/02,89.0,796.0,9.1,9.1,8.8,8.9,-0.10,34.0
88/07/03,158.0,1343.0,8.8,8.9,8.3,8.9,0.00,44.0
88/07/05,178.0,1601.0,8.9,9.15,8.8,9.15,0.25,50.0
88/07/06,88.0,814.0,9.5,9.5,9.0,9.0,-0.15,33.0
88/07/07,44.0,396.0,9.0,9.15,8.95,9.0,0.00,18.0
88/07/08,90.0,809.0,9.0,9.0,8.95,8.95,-0.05,24.0
88/07/09,81.0,717.0,8.85,9.0,8.8,8.9,-0.05,31.0
88/07/12,43.0,371.0,8.7,8.7,8.45,8.7,-0.20,17.0
88/07/13,84.0,726.0,8.7,8.7,8.5,8.5,-0.20,42.0
88/07/14,64.0,540.0,8.35,8.5,8.35,8.35,-0.15,20.0
88/07/15,67.0,551.0,7.85,8.35,7.85,8.3,-0.05,26.0
88/07/16,116.0,944.0,8.25,8.3,7.9,7.9,-0.40,36.0
88/07/17,131.0,1004.0,7.7,8.0,7.5,8.0,0.10,38.0
88/07/19,99.0,761.0,7.8,8.5,7.45,7.9,-0.10,26.0
88/07/20,30.0,240.0,7.85,8.2,7.85,8.2,0.30,14.0
88/07/21,66.0,516.0,7.65,8.15,7.65,7.9,-0.30,29.0
88/07/22,62.0,483.0,7.7,7.9,7.7,7.9,0.00,15.0
88/07/23,21.0,165.0,7.8,7.95,7.75,7.9,0.00,8.0
88/07/26,20.0,159.0,8.0,8.0,7.9,8.0,0.10,10.0
88/07/27,83.0,657.0,7.9,8.0,7.9,7.9,-0.10,25.0
88/07/28,30.0,235.0,7.9,8.0,7.9,7.9,0.00,10.0
88/07/29,102.0,806.0,7.9,8.0,7.8,7.8,-0.10,16.0
88/07/30,20.0,158.0,7.8,7.9,7.8,7.8,0.00,5.0
88/07/31,57.0,445.0,7.8,7.9,7.8,7.8,0.00,10.0
88/08/02,23.0,179.0,7.8,8.0,7.6,8.0,0.20,9.0
88/08/03,92.0,717.0,7.9,7.9,7.7,7.9,-0.10,13.0
88/08/04,32.0,248.0,7.7,7.9,7.6,7.9,0.00,9.0
88/08/05,11.0,86.0,7.9,7.9,7.8,7.8,-0.10,5.0
88/08/06,9.0,69.0,7.8,7.8,7.65,7.65,-0.15,4.0
88/08/07,35.0,268.0,7.6,7.7,7.6,7.7,0.05,9.0
88/08/09,58.0,436.0,7.5,7.65,7.5,7.5,-0.20,13.0
88/08/10,84.0,618.0,7.5,7.5,7.3,7.35,-0.15,31.0
88/08/11,84.0,606.0,7.3,7.3,7.2,7.2,-0.15,24.0
88/08/12,85.0,613.0,7.2,7.3,7.2,7.2,0.00,15.0
88/08/13,119.0,850.0,7.2,7.25,6.8,7.0,-0.20,31.0
88/08/16,210.0,1398.0,6.55,6.95,6.55,6.7,-0.30,62.0
88/08/17,183.0,1226.0,6.65,6.9,6.6,6.85,0.15,53.0
88/08/18,152.0,1080.0,6.8,7.25,6.8,7.2,0.35,47.0
88/08/19,38.0,268.0,7.0,7.1,7.0,7.1,-0.10,16.0
88/08/20,63.0,444.0,7.0,7.1,7.0,7.1,0.00,25.0
88/08/21,95.0,684.0,7.1,7.55,7.0,7.55,0.45,34.0
88/08/23,151.0,1156.0,7.7,7.7,7.5,7.7,0.15,38.0
88/08/24,109.0,811.0,7.7,7.7,7.35,7.4,-0.30,20.0
88/08/25,40.0,291.0,7.35,7.35,7.25,7.25,-0.15,5.0
88/08/26,24.0,178.0,7.25,7.3,7.25,7.25,0.00,13.0
88/08/27,16.0,117.0,7.3,7.3,7.25,7.3,0.05,9.0
88/08/30,48.0,348.0,7.35,7.35,7.2,7.2,-0.10,15.0
88/08/31,109.0,813.0,7.2,7.7,7.2,7.7,0.50,30.0
88/09/01,61.0,471.0,7.8,7.9,7.3,7.9,0.20,20.0
88/09/02,137.0,1090.0,7.9,8.2,7.7,8.2,0.30,41.0
88/09/03,48.0,387.0,8.0,8.1,7.85,8.0,-0.20,17.0
88/09/04,35.0,272.0,8.0,8.0,7.7,7.7,-0.30,14.0
88/09/06,16.0,123.0,7.6,7.7,7.6,7.6,-0.10,6.0
88/09/07,16.0,117.0,7.5,7.5,7.3,7.3,-0.30,7.0
88/09/08,23.0,166.0,7.25,7.3,7.2,7.3,0.00,9.0
88/09/09,57.0,419.0,7.3,7.4,7.3,7.3,0.00,32.0
88/09/10,33.0,238.0,7.2,7.4,7.0,7.2,-0.10,17.0
88/09/13,10.0,74.0,7.3,7.5,7.3,7.4,0.20,6.0
88/09/14,50.0,381.0,7.7,7.7,7.5,7.6,0.20,16.0
88/09/15,28.0,208.0,7.6,7.6,7.3,7.3,-0.30,9.0
88/09/16,58.0,432.0,7.4,7.5,7.4,7.45,0.15,14.0
88/09/17,21.0,157.0,7.5,7.5,7.4,7.4,-0.05,8.0
88/09/18,20.0,150.0,7.5,7.5,7.4,7.45,0.05,9.0
88/09/20,64.0,479.0,7.45,7.85,7.45,7.45,0.00,23.0
88/09/27,19.0,137.0,7.2,7.2,7.2,7.2,-0.25,9.0
88/09/28,89.0,624.0,6.95,7.45,6.95,7.45,0.25,21.0
88/09/29,0.0,0.0,--,--,--,--,0.00,0
88/09/30,30.0,218.0,7.2,7.45,7.2,7.45,0.00,12.0
88/10/01,54.0,398.0,7.45,7.45,7.3,7.3,-0.15,22.0
88/10/02,184.0,1423.0,7.45,7.8,7.45,7.75,0.45,54.0
88/10/04,229.0,1828.0,8.0,8.1,7.85,8.0,0.25,59.0
88/10/05,155.0,1241.0,8.1,8.1,8.0,8.0,0.00,35.0
88/10/06,38.0,297.0,8.0,8.0,7.75,7.75,-0.25,11.0
88/10/07,61.0,472.0,7.5,8.0,7.5,7.55,-0.20,20.0
88/10/08,12.0,96.0,7.95,7.95,7.95,7.95,0.40,6.0
88/10/11,8.0,62.0,7.8,7.8,7.6,7.6,-0.35,6.0
88/10/12,30.0,234.0,7.8,7.9,7.75,7.8,0.20,10.0
88/10/13,19.0,143.0,7.5,7.5,7.5,7.5,-0.30,11.0
88/10/14,21.0,166.0,7.8,7.8,7.8,7.8,0.30,7.0
88/10/15,126.0,963.0,7.8,7.8,7.4,7.4,-0.40,36.0
88/10/16,98.0,710.0,7.1,7.3,7.1,7.25,-0.15,17.0
88/10/18,24.0,173.0,7.2,7.25,7.2,7.25,0.00,11.0
88/10/19,8.0,57.0,7.15,7.2,7.15,7.2,-0.05,3.0
88/10/20,2.0,14.0,7.2,7.2,7.2,7.2,0.00,2.0
88/10/21,32.0,227.0,7.1,7.2,7.05,7.05,-0.15,14.0
88/10/22,83.0,574.0,6.6,7.4,6.6,7.05,0.00,29.0
88/10/25,51.0,357.0,7.05,7.05,6.95,7.0,-0.05,14.0
88/10/26,324.0,2272.0,7.0,7.2,6.9,7.0,0.00,28.0
88/10/27,82.0,583.0,7.2,7.2,7.1,7.1,0.10,16.0
88/10/28,193.0,1381.0,7.2,7.2,7.1,7.1,0.00,23.0
88/10/29,89.0,625.0,7.1,7.1,6.9,7.1,0.00,16.0
88/10/30,55.0,378.0,7.0,7.05,6.75,6.8,-0.30,12.0
88/11/01,81.0,561.0,6.8,7.0,6.8,6.95,0.15,22.0
88/11/02,19.0,130.0,6.85,6.85,6.8,6.85,-0.10,8.0
88/11/03,53.0,364.0,7.0,7.0,6.55,6.55,-0.30,14.0
88/11/04,36.0,239.0,6.75,6.75,6.55,6.55,0.00,15.0
88/11/05,64.0,415.0,6.55,6.55,6.35,6.4,-0.15,25.0
88/11/06,130.0,786.0,6.0,6.3,6.0,6.3,-0.10,27.0
88/11/08,35.0,212.0,6.0,6.1,6.0,6.05,-0.25,7.0
88/11/09,39.0,231.0,6.1,6.1,5.85,5.85,-0.20,21.0
88/11/10,122.0,691.0,5.6,5.95,5.6,5.95,0.10,35.0
88/11/11,130.0,756.0,5.95,6.0,5.65,6.0,0.05,34.0
88/11/15,57.0,328.0,5.7,5.9,5.7,5.8,-0.20,19.0
88/11/16,55.0,313.0,5.8,5.8,5.6,5.75,-0.05,22.0
88/11/17,48.0,279.0,5.8,5.9,5.8,5.8,0.05,18.0
88/11/18,49.0,283.0,5.9,5.9,5.6,5.6,-0.20,21.0
88/11/19,179.0,1027.0,5.7,5.95,5.7,5.7,0.10,26.0
88/11/20,84.0,490.0,6.0,6.0,5.7,5.8,0.10,22.0
88/11/22,69.0,402.0,5.8,5.9,5.8,5.85,0.05,19.0
88/11/23,118.0,674.0,5.9,5.9,5.6,5.7,-0.15,22.0
88/11/24,101.0,581.0,5.7,5.8,5.7,5.8,0.10,34.0
88/11/25,90.0,511.0,5.8,5.8,5.6,5.8,0.00,28.0
88/11/26,64.0,363.0,5.75,5.8,5.6,5.8,0.00,20.0
88/11/29,60.0,349.0,5.75,5.95,5.75,5.85,0.05,14.0
88/11/30,75.0,430.0,5.85,5.85,5.65,5.7,-0.15,16.0
88/12/01,197.0,1154.0,5.7,6.05,5.7,6.0,0.30,53.0
88/12/02,66.0,387.0,5.8,6.0,5.7,5.95,-0.05,25.0
88/12/03,28.0,162.0,5.75,5.9,5.75,5.9,-0.05,13.0
88/12/04,26.0,154.0,6.0,6.0,5.9,5.9,0.00,18.0
88/12/06,56.0,329.0,5.9,5.9,5.85,5.9,0.00,16.0
88/12/07,24.0,142.0,5.9,6.0,5.9,6.0,0.10,13.0
88/12/08,70.0,414.0,5.9,6.0,5.9,5.9,-0.10,21.0
88/12/09,11.0,64.0,5.9,5.9,5.7,5.7,-0.20,5.0
88/12/10,73.0,406.0,5.6,5.9,5.5,5.9,0.20,22.0
88/12/13,57.0,322.0,5.65,5.8,5.5,5.8,-0.10,20.0
88/12/14,47.0,267.0,5.75,5.8,5.6,5.7,-0.10,17.0
88/12/15,52.0,289.0,5.6,5.75,5.5,5.75,0.05,25.0
88/12/16,41.0,229.0,5.7,5.7,5.5,5.5,-0.25,17.0
88/12/17,41.0,228.0,5.5,5.65,5.5,5.65,0.15,18.0
88/12/18,43.0,239.0,5.5,5.65,5.5,5.65,0.00,19.0
88/12/20,50.0,275.0,5.55,5.6,5.35,5.6,-0.05,17.0
88/12/21,124.0,673.0,5.35,5.6,5.25,5.6,0.00,50.0
88/12/22,67.0,357.0,5.3,5.45,5.25,5.45,-0.15,25.0
88/12/23,244.0,1280.0,5.4,5.45,5.1,5.4,-0.05,69.0
88/12/24,103.0,540.0,5.3,5.3,5.2,5.2,-0.20,25.0
88/12/27,133.0,678.0,5.2,5.3,5.0,5.2,0.00,36.0
88/12/28,176.0,890.0,4.85,5.2,4.85,5.15,-0.05,42.0
89/01/04,171.0,919.0,5.3,5.5,5.3,5.45,0.30,54.0
89/01/05,283.0,1491.0,5.5,5.55,5.1,5.15,-0.30,55.0
89/01/06,124.0,651.0,5.2,5.35,5.2,5.35,0.20,34.0
89/01/07,150.0,794.0,5.2,5.45,5.2,5.3,-0.05,41.0
89/01/10,181.0,1008.0,5.4,5.65,5.4,5.65,0.35,57.0
89/01/11,258.0,1547.0,6.0,6.0,5.85,6.0,0.35,55.0
89/01/12,227.0,1453.0,6.4,6.4,6.4,6.4,0.40,45.0
89/01/13,75.0,510.0,6.8,6.8,6.8,6.8,0.40,27.0
89/01/14,188.0,1364.0,7.25,7.25,7.25,7.25,0.45,29.0
89/01/15,492.0,3814.0,7.75,7.75,7.75,7.75,0.50,101.0
89/01/17,441.0,3638.0,8.25,8.25,8.25,8.25,0.50,54.0
89/01/18,664.0,5847.0,8.8,8.8,8.8,8.8,0.55,93.0
89/01/19,1366.0,11894.0,9.4,9.4,8.2,8.4,-0.40,244.0
89/01/20,417.0,3292.0,8.0,8.0,7.85,7.85,-0.55,101.0
89/01/21,497.0,3675.0,7.55,7.75,7.35,7.55,-0.30,89.0
89/01/24,353.0,2768.0,7.3,8.05,7.3,8.05,0.50,88.0
89/01/25,815.0,6956.0,8.3,8.6,8.3,8.6,0.55,170.0
89/01/26,643.0,5743.0,9.2,9.2,8.6,8.8,0.20,133.0
89/01/27,472.0,3931.0,8.8,8.8,8.2,8.25,-0.55,126.0
89/01/28,455.0,3571.0,7.9,8.2,7.7,7.95,-0.30,102.0
89/01/29,338.0,2548.0,7.4,7.95,7.4,7.7,-0.25,102.0
89/01/31,237.0,1774.0,7.6,7.6,7.3,7.6,-0.10,78.0
89/02/01,429.0,3311.0,7.65,7.9,7.55,7.75,0.15,98.0
89/02/09,398.0,3122.0,8.2,8.2,7.65,7.9,0.15,121.0
89/02/10,587.0,4763.0,7.9,8.45,7.7,8.45,0.55,167.0
89/02/11,794.0,7146.0,9.0,9.0,9.0,9.0,0.55,141.0
89/02/14,508.0,4877.0,9.6,9.6,9.6,9.6,0.60,107.0
89/02/15,2127.0,21136.0,10.25,10.25,9.0,9.8,0.20,524.0
89/02/16,753.0,6993.0,9.5,9.8,9.15,9.2,-0.60,231.0
89/02/17,1076.0,10443.0,9.2,9.8,9.2,9.8,0.60,255.0
89/02/18,1716.0,17848.0,10.45,10.45,9.9,10.45,0.65,421.0
89/02/19,2401.0,26503.0,11.1,11.15,10.6,11.15,0.70,510.0
89/02/21,2518.0,29521.0,11.8,11.9,11.0,11.0,-0.15,548.0
89/02/22,494.0,5137.0,11.0,11.0,10.25,10.25,-0.75,139.0
89/02/23,818.0,7843.0,9.55,9.9,9.55,9.7,-0.55,253.0
89/02/24,282.0,2576.0,9.1,9.75,9.05,9.05,-0.65,118.0
89/02/25,501.0,4234.0,8.45,8.7,8.45,8.45,-0.60,109.0
89/02/29,467.0,3748.0,7.9,8.95,7.9,8.5,0.05,143.0
89/03/01,383.0,3413.0,8.4,9.05,8.4,9.05,0.55,108.0
89/03/02,253.0,2254.0,9.4,9.4,8.6,8.75,-0.30,78.0
89/03/03,256.0,2147.0,8.75,8.75,8.2,8.2,-0.55,88.0
89/03/04,404.0,3321.0,7.9,8.5,7.9,8.15,-0.05,117.0
89/03/06,329.0,2763.0,8.2,8.7,8.2,8.5,0.35,102.0
89/03/07,214.0,1740.0,8.4,8.5,8.0,8.25,-0.25,76.0
89/03/08,149.0,1214.0,8.1,8.4,8.0,8.25,0.00,54.0
89/03/09,261.0,2098.0,8.1,8.4,7.7,8.0,-0.25,85.0
89/03/10,307.0,2437.0,8.2,8.2,7.8,7.9,-0.10,78.0
89/03/13,411.0,3055.0,7.9,7.9,7.35,7.35,-0.55,88.0
89/03/14,222.0,1563.0,6.9,7.75,6.9,7.05,-0.30,76.0
89/03/15,215.0,1493.0,7.0,7.35,6.8,6.9,-0.15,68.0
89/03/16,91.0,618.0,6.6,7.25,6.6,7.15,0.25,45.0
89/03/17,279.0,2131.0,7.65,7.65,7.65,7.65,0.50,58.0
89/03/20,674.0,5253.0,7.4,8.15,7.4,8.15,0.50,159.0
89/03/21,308.0,2680.0,8.7,8.7,8.7,8.7,0.55,63.0
89/03/22,383.0,3566.0,9.3,9.3,9.3,9.3,0.60,113.0
89/03/23,1701.0,16344.0,9.95,9.95,9.0,9.65,0.35,427.0
89/03/24,255.0,2399.0,9.6,9.6,9.35,9.35,-0.30,82.0
89/03/27,646.0,5980.0,9.6,9.6,8.85,8.85,-0.50,153.0
89/03/28,426.0,3664.0,8.7,8.9,8.4,8.5,-0.35,122.0
89/03/29,563.0,5015.0,8.65,9.05,8.6,9.05,0.55,125.0
89/03/30,528.0,4814.0,9.6,9.65,8.8,9.0,-0.05,155.0
89/03/31,159.0,1397.0,9.1,9.15,8.5,8.7,-0.30,63.0
89/04/01,547.0,4908.0,8.5,9.3,8.5,9.15,0.45,134.0
89/04/05,706.0,6519.0,9.0,9.6,9.0,9.0,-0.15,181.0
89/04/06,410.0,3660.0,9.0,9.3,8.5,8.8,-0.20,111.0
89/04/07,400.0,3565.0,8.8,9.0,8.8,8.8,0.00,98.0
89/04/08,482.0,4188.0,8.8,9.0,8.55,8.65,-0.15,108.0
89/04/10,473.0,4158.0,8.75,8.9,8.55,8.6,-0.05,106.0
89/04/11,970.0,8855.0,8.65,9.2,8.65,9.2,0.60,224.0
89/04/12,927.0,8485.0,9.3,9.5,8.65,9.0,-0.20,222.0
89/04/13,514.0,4459.0,8.8,8.9,8.55,8.55,-0.45,119.0
89/04/14,265.0,2238.0,8.4,8.6,8.3,8.35,-0.20,95.0
89/04/15,502.0,3962.0,7.8,8.3,7.8,7.9,-0.45,125.0
89/04/17,214.0,1701.0,7.9,8.1,7.8,8.0,0.10,65.0
89/04/18,481.0,3989.0,8.25,8.5,8.0,8.3,0.30,119.0
89/04/19,149.0,1213.0,8.5,8.5,8.0,8.15,-0.15,61.0
89/04/20,148.0,1177.0,8.0,8.15,7.8,7.95,-0.20,55.0
89/04/21,98.0,778.0,8.2,8.2,7.8,8.0,0.05,43.0
89/04/24,127.0,983.0,7.7,7.95,7.7,7.7,-0.30,45.0
89/04/25,101.0,762.0,7.5,7.7,7.5,7.5,-0.20,28.0
89/04/26,150.0,1094.0,7.5,7.5,7.0,7.05,-0.45,49.0
89/04/27,219.0,1501.0,6.8,7.2,6.7,6.7,-0.35,62.0
89/04/28,174.0,1174.0,6.9,7.1,6.5,7.0,0.30,57.0
89/04/29,106.0,747.0,7.05,7.15,6.95,7.0,0.00,35.0
89/05/02,52.0,365.0,7.1,7.1,7.0,7.0,0.00,23.0
89/05/03,62.0,428.0,7.0,7.1,6.7,6.95,-0.05,19.0
89/05/04,51.0,350.0,6.8,6.9,6.8,6.85,-0.10,22.0
89/05/05,62.0,433.0,6.85,7.2,6.8,7.2,0.35,21.0
89/05/06,83.0,597.0,6.8,7.45,6.8,7.05,-0.15,24.0
89/05/08,45.0,315.0,7.05,7.15,7.0,7.15,0.10,14.0
89/05/09,90.0,633.0,7.2,7.2,6.95,6.95,-0.20,33.0
89/05/10,36.0,253.0,7.1,7.1,7.0,7.05,0.10,17.0
89/05/11,68.0,469.0,7.0,7.0,6.85,7.0,-0.05,19.0
89/05/12,89.0,623.0,7.0,7.1,6.9,7.0,0.00,38.0
89/05/15,84.0,592.0,6.9,7.1,6.9,7.0,0.00,25.0
89/05/16,92.0,637.0,6.9,7.05,6.9,6.9,-0.10,28.0
89/05/17,212.0,1516.0,7.0,7.35,6.95,7.35,0.45,67.0
89/05/18,119.0,842.0,7.5,7.5,6.95,7.0,-0.35,43.0
89/05/19,194.0,1381.0,7.0,7.35,6.85,7.25,0.25,46.0
89/05/20,113.0,790.0,7.0,7.2,6.85,6.95,-0.30,24.0
89/05/22,78.0,540.0,7.0,7.0,6.85,6.85,-0.10,18.0
89/05/23,59.0,403.0,6.85,6.95,6.6,6.8,-0.05,23.0
89/05/24,145.0,950.0,6.65,6.9,6.5,6.7,-0.10,51.0
89/05/25,74.0,496.0,6.7,6.75,6.7,6.7,0.00,22.0
89/05/26,87.0,570.0,6.7,6.8,6.3,6.7,0.00,28.0
89/05/29,70.0,465.0,6.7,6.75,6.5,6.55,-0.15,27.0
89/05/30,16.0,106.0,6.6,6.7,6.6,6.7,0.15,10.0
89/05/31,59.0,396.0,6.75,6.75,6.7,6.7,0.00,15.0
89/06/01,83.0,568.0,6.7,6.9,6.7,6.85,0.15,23.0
89/06/02,96.0,645.0,6.75,6.85,6.65,6.65,-0.20,24.0
89/06/03,61.0,407.0,6.75,6.75,6.6,6.65,0.00,21.0
89/06/05,46.0,304.0,6.6,6.7,6.6,6.6,-0.05,11.0
89/06/07,78.0,499.0,6.6,6.6,6.3,6.5,-0.10,25.0
89/06/08,88.0,553.0,6.5,6.5,6.2,6.35,-0.15,31.0
89/06/09,76.0,468.0,6.3,6.3,6.0,6.2,-0.15,25.0
89/06/12,47.0,286.0,6.0,6.15,6.0,6.1,-0.10,14.0
89/06/13,47.0,282.0,5.9,6.1,5.9,6.0,-0.10,20.0
89/06/14,207.0,1200.0,5.8,6.0,5.65,5.75,-0.25,54.0
89/06/15,95.0,543.0,5.75,5.8,5.65,5.65,-0.10,22.0
89/06/16,60.0,348.0,5.7,5.85,5.7,5.75,0.10,19.0
89/06/17,70.0,399.0,5.75,5.75,5.65,5.7,-0.05,23.0
89/06/19,24.0,136.0,5.7,5.7,5.65,5.7,0.00,9.0
89/06/20,94.0,535.0,5.7,5.75,5.65,5.7,0.00,22.0
89/06/21,56.0,318.0,5.7,5.7,5.65,5.65,-0.05,20.0
89/06/22,61.0,345.0,5.65,5.75,5.65,5.65,0.00,19.0
89/06/23,27.0,155.0,5.7,5.75,5.7,5.7,0.05,12.0
89/06/26,28.0,160.0,5.8,5.8,5.7,5.7,0.00,7.0
89/06/27,32.0,184.0,5.75,5.8,5.7,5.75,0.05,12.0
89/06/28,111.0,633.0,5.7,5.75,5.65,5.7,-0.05,22.0
89/06/29,63.0,360.0,5.7,5.8,5.65,5.7,0.00,19.0
89/06/30,74.0,426.0,5.7,5.9,5.65,5.9,0.20,25.0
89/07/03,54.0,320.0,6.0,6.0,5.75,5.95,0.05,16.0
89/07/04,51.0,299.0,6.0,6.1,5.8,5.8,-0.15,16.0
89/07/05,30.0,174.0,5.8,5.9,5.75,5.9,0.10,10.0
89/07/06,34.0,200.0,5.9,5.9,5.85,5.9,0.00,10.0
89/07/07,34.0,198.0,5.8,6.0,5.8,6.0,0.10,8.0
89/07/10,35.0,204.0,5.9,5.95,5.8,5.9,-0.10,9.0
89/07/11,32.0,187.0,5.8,5.9,5.75,5.9,0.00,16.0
89/07/12,60.0,342.0,5.8,5.8,5.55,5.7,-0.20,19.0
89/07/13,239.0,1376.0,5.65,6.05,5.4,6.0,0.30,63.0
89/07/14,51.0,301.0,5.9,5.95,5.9,5.9,-0.10,19.0
89/07/15,25.0,147.0,5.8,5.95,5.8,5.8,-0.10,11.0
89/07/17,64.0,372.0,5.8,5.9,5.8,5.9,0.10,14.0
89/07/18,6.0,35.0,5.8,5.9,5.8,5.9,0.00,2.0
89/07/19,41.0,236.0,5.75,5.85,5.7,5.85,-0.05,8.0
89/07/20,45.0,261.0,5.85,5.85,5.7,5.8,-0.05,17.0
89/07/21,27.0,157.0,5.7,5.8,5.7,5.8,0.00,8.0
89/07/24,47.0,267.0,5.8,5.8,5.65,5.65,-0.15,14.0
89/07/25,22.0,121.0,5.5,5.7,5.45,5.6,-0.05,14.0
89/07/26,3.0,17.0,5.55,5.55,5.55,5.55,-0.05,1.0
89/07/27,95.0,497.0,5.45,5.45,5.2,5.45,-0.10,14.0
89/07/28,53.0,277.0,5.15,5.3,5.15,5.2,-0.25,16.0
89/07/29,33.0,176.0,5.25,5.4,5.25,5.3,0.10,16.0
89/07/31,7.0,38.0,5.4,5.45,5.4,5.4,0.10,3.0
89/08/01,26.0,140.0,5.4,5.45,5.3,5.45,0.05,14.0
89/08/02,60.0,327.0,5.5,5.5,5.3,5.5,0.05,22.0
89/08/03,17.0,91.0,5.4,5.4,5.3,5.3,-0.20,10.0
89/08/04,42.0,225.0,5.3,5.45,5.3,5.3,0.00,16.0
89/08/05,12.0,64.0,5.35,5.4,5.3,5.3,0.00,8.0
89/08/07,5.0,27.0,5.3,5.3,5.3,5.3,0.00,1.0
89/08/08,26.0,139.0,5.25,5.3,5.25,5.25,-0.05,9.0
89/08/09,57.0,300.0,5.2,5.3,5.2,5.3,0.05,16.0
89/08/10,12.0,66.0,5.4,5.4,5.25,5.4,0.10,10.0
89/08/11,15.0,81.0,5.35,5.35,5.25,5.3,-0.10,8.0
89/08/14,53.0,276.0,5.2,5.2,5.2,5.2,-0.10,10.0
89/08/15,19.0,100.0,5.2,5.2,5.1,5.1,-0.10,8.0
89/08/16,10.0,52.0,5.1,5.1,5.1,5.1,0.00,3.0
89/08/17,35.0,176.0,5.1,5.1,5.0,5.05,-0.05,12.0
89/08/18,83.0,416.0,5.0,5.1,4.95,4.95,-0.10,29.0
89/08/19,100.0,489.0,4.95,5.0,4.81,4.85,-0.10,29.0
89/08/21,93.0,449.0,4.86,4.86,4.8,4.86,0.01,22.0
89/08/22,35.0,171.0,4.81,4.99,4.81,4.9,0.04,8.0
89/08/24,19.0,94.0,5.0,5.0,4.91,4.98,0.08,12.0
89/08/25,3.0,14.0,4.72,4.86,4.72,4.86,-0.12,2.0
89/08/28,44.0,211.0,4.8,4.8,4.71,4.71,-0.15,18.0
89/08/29,26.0,122.0,4.72,4.72,4.7,4.7,-0.01,9.0
89/08/30,40.0,185.0,4.7,4.7,4.6,4.6,-0.10,10.0
89/08/31,103.0,464.0,4.5,4.6,4.4,4.5,-0.10,22.0
89/09/01,28.0,125.0,4.5,4.5,4.25,4.45,-0.05,6.0
89/09/02,102.0,455.0,4.45,4.6,4.3,4.35,-0.10,18.0
89/09/04,255.0,1058.0,4.35,4.35,4.05,4.32,-0.03,59.0
89/09/05,116.0,487.0,4.29,4.32,4.05,4.2,-0.12,22.0
89/09/06,20.0,83.0,4.2,4.2,4.01,4.02,-0.18,5.0
89/09/07,61.0,238.0,3.75,4.12,3.75,3.9,-0.12,25.0
89/09/08,153.0,573.0,3.7,3.9,3.63,3.82,-0.08,35.0
89/09/11,20.0,78.0,3.9,3.9,3.9,3.9,0.08,8.0
89/09/13,27.0,101.0,3.9,3.9,3.7,3.7,-0.20,8.0
89/09/14,2.0,8.0,3.85,3.85,3.85,3.85,0.15,1.0
89/09/15,54.0,205.0,3.85,3.9,3.7,3.8,-0.05,19.0
89/09/16,42.0,155.0,3.79,3.79,3.6,3.6,-0.20,17.0
89/09/18,23.0,84.0,3.6,3.68,3.52,3.52,-0.08,11.0
89/09/19,52.0,171.0,3.29,3.3,3.29,3.3,-0.22,16.0
89/09/20,120.0,378.0,3.1,3.2,3.1,3.1,-0.20,23.0
89/09/21,125.0,400.0,3.0,3.27,3.0,3.26,0.16,33.0
89/09/22,337.0,1149.0,3.3,3.48,3.3,3.48,0.22,58.0
89/09/25,112.0,405.0,3.54,3.72,3.53,3.72,0.24,25.0
89/09/26,187.0,676.0,3.88,3.95,3.5,3.64,-0.08,30.0
89/09/27,73.0,268.0,3.5,3.88,3.5,3.87,0.23,19.0
89/09/28,130.0,475.0,3.75,3.76,3.6,3.6,-0.27,16.0
89/09/29,123.0,413.0,3.5,3.5,3.35,3.37,-0.23,26.0
89/09/30,188.0,592.0,3.15,3.2,3.15,3.15,-0.22,11.0
89/10/02,18.0,58.0,3.18,3.33,3.18,3.33,0.18,9.0
89/10/03,109.0,385.0,3.55,3.56,3.5,3.55,0.22,28.0
89/10/04,2871.0,10193.0,3.43,3.78,3.43,3.75,0.20,15.0
89/10/05,356.0,1424.0,3.95,4.01,3.92,3.93,0.18,68.0
89/10/06,167.0,653.0,3.9,4.0,3.8,3.9,-0.03,51.0
89/10/07,108.0,413.0,3.78,3.95,3.77,3.94,0.04,33.0
89/10/09,47.0,180.0,3.89,3.9,3.81,3.81,-0.13,13.0
89/10/11,27.0,99.0,3.68,3.69,3.68,3.68,-0.13,10.0
89/10/12,70.0,251.0,3.6,3.8,3.43,3.43,-0.25,17.0
89/10/13,61.0,203.0,3.2,3.4,3.2,3.4,-0.03,19.0
89/10/16,14.0,49.0,3.5,3.63,3.31,3.31,-0.09,6.0
89/10/17,34.0,112.0,3.31,3.31,3.2,3.31,0.00,13.0
89/10/18,30.0,105.0,3.5,3.54,3.5,3.5,0.19,11.0
89/10/19,64.0,212.0,3.3,3.5,3.26,3.26,-0.24,21.0
89/10/20,87.0,301.0,3.28,3.48,3.28,3.48,0.22,17.0
89/10/21,76.0,266.0,3.72,3.72,3.4,3.5,0.02,19.0
89/10/23,13.0,46.0,3.5,3.5,3.5,3.5,0.00,2.0
89/10/24,39.0,134.0,3.69,3.69,3.38,3.38,-0.12,14.0
89/10/25,48.0,158.0,3.35,3.4,3.27,3.27,-0.11,20.0
89/10/26,142.0,453.0,3.27,3.27,3.16,3.16,-0.11,23.0
89/10/27,97.0,296.0,3.05,3.05,3.05,3.05,-0.11,18.0
89/10/30,47.0,139.0,2.95,2.95,2.95,2.95,-0.10,10.0
89/10/31,107.0,323.0,2.85,3.15,2.85,3.15,0.20,31.0
89/11/01,24.0,77.0,3.04,3.28,3.04,3.26,0.11,5.0
89/11/02,63.0,205.0,3.29,3.29,3.15,3.26,0.00,12.0
89/11/03,40.0,128.0,3.2,3.25,3.15,3.15,-0.11,12.0
89/11/04,163.0,527.0,3.25,3.25,3.09,3.25,0.10,40.0
89/11/06,10.0,32.0,3.24,3.27,3.24,3.27,0.02,4.0
89/11/07,12.0,38.0,3.17,3.17,3.16,3.16,-0.11,5.0
89/11/08,102.0,303.0,2.95,3.2,2.95,2.95,-0.21,24.0
89/11/09,69.0,208.0,2.96,3.11,2.96,3.0,0.05,11.0
89/11/10,47.0,141.0,3.0,3.1,3.0,3.1,0.10,17.0
89/11/13,7.0,22.0,3.09,3.09,3.09,3.09,-0.01,3.0
89/11/14,90.0,266.0,2.89,3.26,2.89,3.23,0.14,18.0
89/11/15,73.0,224.0,3.03,3.17,3.03,3.17,-0.06,15.0
89/11/16,10.0,30.0,3.05,3.05,2.96,2.96,-0.21,5.0
89/11/17,37.0,104.0,2.95,3.03,2.76,2.96,0.00,9.0
89/11/18,126.0,349.0,2.96,2.96,2.76,2.89,-0.07,25.0
89/11/20,67.0,181.0,2.8,2.8,2.69,2.69,-0.20,15.0
89/11/21,24.0,62.0,2.6,2.6,2.6,2.6,-0.09,7.0
89/11/22,171.0,436.0,2.51,2.69,2.51,2.69,0.09,30.0
89/11/23,32.0,83.0,2.61,2.61,2.6,2.6,-0.09,6.0
89/11/24,105.0,276.0,2.51,2.69,2.51,2.69,0.09,15.0
89/11/27,175.0,456.0,2.6,2.68,2.6,2.68,-0.01,36.0
89/11/28,39.0,105.0,2.68,2.68,2.68,2.68,0.00,11.0
89/11/29,307.0,871.0,2.68,2.86,2.68,2.86,0.18,30.0
89/11/30,227.0,691.0,3.06,3.06,2.9,3.06,0.20,33.0
89/12/01,266.0,852.0,3.06,3.26,3.0,3.21,0.15,61.0
89/12/02,281.0,877.0,3.2,3.2,3.1,3.19,-0.02,46.0
89/12/04,188.0,602.0,3.19,3.3,3.09,3.3,0.11,42.0
89/12/05,183.0,617.0,3.35,3.42,3.33,3.42,0.12,51.0
89/12/06,92.0,309.0,3.33,3.44,3.31,3.43,0.01,23.0
89/12/07,21.0,70.0,3.31,3.31,3.31,3.31,-0.12,8.0
89/12/08,129.0,443.0,3.22,3.5,3.2,3.5,0.19,19.0
89/12/11,302.0,1083.0,3.5,3.74,3.38,3.74,0.24,63.0
89/12/12,266.0,998.0,3.74,4.0,3.62,4.0,0.26,62.0
89/12/13,382.0,1597.0,3.86,4.28,3.86,4.27,0.27,70.0
89/12/14,494.0,2077.0,4.27,4.28,4.13,4.28,0.01,88.0
89/12/15,119.0,493.0,4.15,4.15,4.14,4.14,-0.14,27.0
89/12/16,395.0,1643.0,4.0,4.41,4.0,4.4,0.26,75.0
89/12/18,432.0,1894.0,4.3,4.6,4.25,4.6,0.20,98.0
89/12/19,465.0,2114.0,4.5,4.8,4.44,4.8,0.20,102.0
89/12/20,668.0,3177.0,4.65,5.0,4.64,5.0,0.20,136.0
89/12/21,423.0,2050.0,4.83,4.87,4.83,4.86,-0.14,59.0
89/12/22,122.0,572.0,4.69,4.69,4.69,4.69,-0.17,14.0
89/12/26,9.0,41.0,4.53,4.53,4.53,4.53,-0.16,3.0
89/12/27,1.0,4.0,4.38,4.38,4.38,4.38,-0.15,1.0
89/12/28,0.0,0.0,--,--,--,--,0.00,0
89/12/29,0.0,1.0,--,--,--,--,0.00,2
89/12/30,0.0,0.0,--,--,--,--,0.00,0
90/01/02,90.0,359.0,3.94,4.23,3.94,4.23,0.00,27.0
90/01/03,98.0,391.0,3.95,4.2,3.95,4.2,-0.03,32.0
90/01/04,259.0,1028.0,3.95,4.2,3.91,4.14,-0.06,59.0
90/01/05,188.0,735.0,3.88,4.05,3.86,4.05,-0.09,47.0
90/01/08,356.0,1363.0,3.77,3.95,3.77,3.95,-0.10,53.0
90/01/09,414.0,1573.0,3.69,3.95,3.69,3.95,0.00,78.0
90/01/10,106.0,415.0,3.9,3.95,3.9,3.93,-0.02,31.0
90/01/11,261.0,1005.0,3.93,3.93,3.68,3.71,-0.22,69.0
90/01/12,71.0,264.0,3.63,3.8,3.63,3.8,0.09,20.0
90/01/15,154.0,553.0,3.65,3.79,3.54,3.7,-0.10,38.0
90/01/16,416.0,1468.0,3.69,3.69,3.46,3.6,-0.10,72.0
90/01/17,422.0,1448.0,3.5,3.54,3.36,3.45,-0.15,75.0
90/01/18,274.0,897.0,3.36,3.37,3.21,3.23,-0.22,77.0
90/01/29,86.0,289.0,3.36,3.4,3.2,3.36,0.13,31.0
90/01/30,160.0,573.0,3.4,3.59,3.4,3.59,0.23,35.0
90/01/31,317.0,1217.0,3.84,3.84,3.84,3.84,0.25,47.0
90/02/01,147.0,602.0,4.1,4.1,4.1,4.1,0.26,27.0
90/02/02,175.0,767.0,4.38,4.38,4.38,4.38,0.28,38.0
90/02/05,432.0,2006.0,4.68,4.68,4.4,4.5,0.12,80.0
90/02/06,301.0,1275.0,4.5,4.5,4.19,4.19,-0.31,67.0
90/02/07,80.0,312.0,3.9,3.9,3.9,3.9,-0.29,20.0
90/02/08,149.0,546.0,3.63,3.89,3.63,3.72,-0.18,48.0
90/02/09,114.0,444.0,3.94,3.94,3.8,3.93,0.21,49.0
90/02/12,50.0,200.0,3.8,4.1,3.8,3.85,-0.08,15.0
90/02/13,101.0,409.0,4.0,4.1,3.99,4.08,0.23,19.0
90/02/14,196.0,796.0,4.08,4.11,4.0,4.0,-0.08,47.0
90/02/15,28.0,111.0,4.1,4.1,3.85,4.0,0.00,10.0
90/02/16,197.0,790.0,4.0,4.1,4.0,4.02,0.02,52.0
90/02/19,61.0,234.0,4.0,4.0,3.74,3.99,-0.03,25.0
90/02/20,67.0,272.0,4.1,4.1,4.0,4.02,0.03,29.0
90/02/21,122.0,493.0,4.0,4.1,4.0,4.05,0.03,22.0
90/02/22,159.0,619.0,4.04,4.05,3.8,3.8,-0.25,36.0
90/02/23,77.0,301.0,3.99,3.99,3.81,3.95,0.15,23.0
90/02/26,188.0,754.0,4.0,4.05,3.99,4.05,0.10,33.0
90/02/27,297.0,1233.0,4.15,4.3,4.06,4.06,0.01,48.0
90/03/01,46.0,184.0,4.2,4.2,3.81,4.08,0.02,18.0
90/03/02,105.0,424.0,4.0,4.08,4.0,4.05,-0.03,16.0
90/03/05,135.0,542.0,4.1,4.1,3.9,4.0,-0.05,24.0
90/03/06,30.0,119.0,4.05,4.05,3.92,3.92,-0.08,10.0
90/03/07,36.0,143.0,4.0,4.0,3.88,3.92,0.00,17.0
90/03/08,128.0,496.0,3.95,3.95,3.85,3.86,-0.06,28.0
90/03/09,47.0,180.0,3.85,3.93,3.8,3.8,-0.06,19.0
90/03/12,82.0,310.0,3.9,3.9,3.75,3.76,-0.04,21.0
90/03/13,81.0,291.0,3.6,3.84,3.5,3.62,-0.14,23.0
90/03/14,28.0,102.0,3.6,3.74,3.6,3.74,0.12,15.0
90/03/15,23.0,88.0,3.9,3.9,3.72,3.72,-0.02,11.0
90/03/16,146.0,533.0,3.87,3.87,3.5,3.8,0.08,32.0
90/03/19,65.0,238.0,3.61,3.75,3.61,3.7,-0.10,19.0
90/03/20,29.0,106.0,3.64,3.65,3.64,3.65,-0.05,13.0
90/03/21,41.0,147.0,3.55,3.65,3.55,3.59,-0.06,14.0
90/03/22,110.0,414.0,3.66,3.82,3.66,3.82,0.23,30.0
90/03/23,90.0,340.0,3.8,3.84,3.7,3.84,0.02,23.0
90/03/26,31.0,119.0,3.83,3.84,3.83,3.84,0.00,5.0
90/03/27,32.0,120.0,3.78,3.85,3.66,3.69,-0.15,19.0
90/03/28,23.0,86.0,3.78,3.79,3.71,3.75,0.06,11.0
90/03/29,10.0,37.0,3.68,3.8,3.68,3.75,0.00,6.0
90/03/30,33.0,123.0,3.74,3.74,3.7,3.7,-0.05,11.0
90/04/02,197.0,726.0,3.7,3.7,3.61,3.69,-0.01,28.0
90/04/03,40.0,145.0,3.68,3.68,3.6,3.62,-0.07,14.0
90/04/04,56.0,203.0,3.55,3.67,3.55,3.65,0.03,12.0
90/04/06,216.0,824.0,3.67,3.9,3.67,3.89,0.24,53.0
90/04/09,59.0,219.0,3.85,3.85,3.63,3.64,-0.25,28.0
90/04/10,16.0,59.0,3.72,3.72,3.65,3.65,0.01,8.0
90/04/11,39.0,141.0,3.61,3.66,3.59,3.59,-0.06,14.0
90/04/12,18.0,66.0,3.67,3.67,3.61,3.65,0.06,11.0
90/04/13,77.0,278.0,3.68,3.68,3.56,3.61,-0.04,18.0
90/04/16,61.0,223.0,3.61,3.7,3.57,3.7,0.09,25.0
90/04/17,29.0,105.0,3.58,3.68,3.57,3.68,-0.02,12.0
90/04/18,7.0,26.0,3.68,3.68,3.68,3.68,0.00,8.0
90/04/19,33.0,118.0,3.7,3.7,3.56,3.61,-0.07,68.0
90/04/20,28.0,103.0,3.51,3.78,3.51,3.63,0.02,41.0
90/04/23,29.0,105.0,3.62,3.69,3.61,3.62,-0.01,13.0
90/04/24,48.0,165.0,3.41,3.64,3.41,3.64,0.02,91.0
90/04/25,24.0,86.0,3.63,3.63,3.52,3.52,-0.12,12.0
90/04/26,32.0,114.0,3.55,3.6,3.55,3.6,0.08,10.0
90/04/27,47.0,166.0,3.52,3.59,3.52,3.52,-0.08,9.0
90/04/30,15.0,53.0,3.52,3.52,3.52,3.52,0.00,2.0
90/05/02,80.0,283.0,3.56,3.6,3.52,3.54,0.02,21.0
90/05/03,46.0,161.0,3.5,3.5,3.5,3.5,-0.04,13.0
90/05/04,27.0,95.0,3.5,3.52,3.5,3.52,0.02,8.0
90/05/07,25.0,88.0,3.52,3.53,3.52,3.52,0.00,5.0
90/05/08,71.0,250.0,3.36,3.7,3.36,3.57,0.05,23.0
90/05/09,84.0,296.0,3.7,3.7,3.5,3.53,-0.04,17.0
90/05/10,19.0,67.0,3.41,3.53,3.41,3.53,0.00,9.0
90/05/11,41.0,145.0,3.58,3.58,3.49,3.55,0.02,19.0
90/05/14,31.0,109.0,3.5,3.6,3.48,3.49,-0.06,12.0
90/05/15,52.0,184.0,3.49,3.6,3.49,3.52,0.03,12.0
90/05/16,41.0,146.0,3.56,3.56,3.53,3.55,0.03,4.0
90/05/17,17.0,61.0,3.55,3.55,3.55,3.55,0.00,6.0
90/05/18,15.0,53.0,3.5,3.54,3.5,3.54,-0.01,8.0
90/05/21,3.0,10.0,3.45,3.45,3.45,3.45,-0.09,1.0
90/05/22,30.0,104.0,3.45,3.5,3.45,3.46,0.01,4.0
90/05/23,78.0,266.0,3.46,3.46,3.4,3.44,-0.02,14.0
90/05/24,45.0,153.0,3.41,3.41,3.4,3.4,-0.04,6.0
90/05/25,5.0,17.0,3.4,3.4,3.4,3.4,0.00,3.0
90/05/28,13.0,44.0,3.3,3.45,3.3,3.3,-0.10,4.0
90/05/29,59.0,184.0,3.3,3.3,3.08,3.1,-0.20,15.0
90/05/30,48.0,144.0,3.0,3.09,2.95,3.01,-0.09,12.0
90/05/31,15.0,45.0,3.01,3.05,2.93,3.05,0.04,6.0
90/06/01,36.0,112.0,3.05,3.18,3.05,3.18,0.13,7.0
90/06/04,160.0,544.0,3.4,3.4,3.2,3.4,0.22,34.0
90/06/05,65.0,218.0,3.4,3.4,3.2,3.34,-0.06,19.0
90/06/06,46.0,148.0,3.16,3.37,3.16,3.2,-0.14,15.0
90/06/07,31.0,96.0,3.18,3.18,3.06,3.1,-0.10,15.0
90/06/08,36.0,116.0,3.17,3.3,3.17,3.29,0.19,11.0
90/06/11,42.0,134.0,3.06,3.29,3.06,3.28,-0.01,17.0
90/06/12,68.0,214.0,3.2,3.28,3.07,3.28,0.00,30.0
90/06/13,24.0,77.0,3.23,3.23,3.11,3.21,-0.07,10.0
90/06/14,23.0,73.0,3.18,3.21,3.1,3.2,-0.01,10.0
90/06/15,10.0,31.0,3.18,3.18,3.08,3.18,-0.02,6.0
90/06/18,61.0,195.0,3.18,3.25,3.17,3.17,-0.01,14.0
90/06/19,3.0,10.0,3.19,3.19,3.19,3.19,0.02,1.0
90/06/20,0.0,0.0,--,--,--,--,0.00,0
90/06/21,19.0,59.0,3.1,3.18,3.07,3.07,-0.12,12.0
90/06/22,12.0,38.0,3.1,3.25,3.1,3.25,0.18,5.0
90/06/26,16.0,51.0,3.23,3.24,3.1,3.24,-0.01,10.0
90/06/27,24.0,77.0,3.12,3.25,3.11,3.25,0.01,8.0
90/06/28,119.0,371.0,3.15,3.2,3.09,3.2,-0.05,18.0
90/06/29,88.0,282.0,3.2,3.25,3.14,3.25,0.05,12.0
90/07/02,2.0,6.0,3.24,3.24,3.22,3.22,-0.03,2.0
90/07/03,37.0,116.0,3.21,3.22,3.1,3.22,0.00,12.0
90/07/04,84.0,261.0,3.11,3.11,3.06,3.1,-0.12,17.0
90/07/05,126.0,369.0,3.06,3.18,2.89,2.89,-0.21,29.0
90/07/06,66.0,178.0,2.8,2.8,2.69,2.69,-0.20,18.0
90/07/09,13.0,35.0,2.7,2.75,2.7,2.7,0.01,4.0
90/07/10,5.0,13.0,2.72,2.72,2.57,2.57,-0.13,3.0
90/07/11,17.0,44.0,2.57,2.6,2.57,2.6,0.03,3.0
90/07/12,82.0,228.0,2.67,2.78,2.67,2.78,0.18,21.0
90/07/13,66.0,186.0,2.97,2.97,2.62,2.94,0.16,27.0
90/07/16,30.0,82.0,2.75,2.75,2.74,2.74,-0.20,9.0
90/07/17,26.0,75.0,2.9,2.93,2.75,2.75,0.01,13.0
90/07/18,23.0,61.0,2.71,2.74,2.56,2.74,-0.01,9.0
90/07/19,4.0,11.0,2.71,2.71,2.58,2.58,-0.16,3.0
90/07/20,4.0,10.0,2.6,2.69,2.6,2.69,0.11,4.0
90/07/23,7.0,18.0,2.6,2.6,2.6,2.6,-0.09,5.0
90/07/24,12.0,30.0,2.5,2.5,2.45,2.45,-0.15,6.0
90/07/25,15.0,37.0,2.4,2.56,2.4,2.41,-0.04,4.0
90/07/26,12.0,31.0,2.51,2.57,2.51,2.57,0.16,6.0
90/07/27,83.0,214.0,2.66,2.66,2.53,2.53,-0.04,22.0
90/07/31,6.0,15.0,2.41,2.46,2.41,2.46,-0.07,4.0
90/08/01,48.0,120.0,2.49,2.59,2.46,2.59,0.13,12.0
90/08/02,218.0,593.0,2.62,2.77,2.59,2.77,0.18,49.0
90/08/03,126.0,367.0,2.82,2.96,2.82,2.96,0.19,40.0
90/08/06,137.0,433.0,3.16,3.16,3.09,3.16,0.20,61.0
90/08/07,488.0,1628.0,3.29,3.38,3.16,3.29,0.13,114.0
90/08/08,208.0,658.0,3.06,3.24,3.06,3.2,-0.09,53.0
90/08/09,157.0,523.0,3.08,3.42,3.08,3.36,0.16,46.0
90/08/10,53.0,173.0,3.36,3.36,3.26,3.32,-0.04,22.0
90/08/13,48.0,155.0,3.09,3.31,3.09,3.16,-0.16,28.0
90/08/14,126.0,382.0,3.09,3.1,3.0,3.0,-0.16,35.0
90/08/15,42.0,126.0,3.01,3.09,2.9,3.08,0.08,22.0
90/08/16,54.0,169.0,3.01,3.15,3.01,3.13,0.05,21.0
90/08/17,68.0,219.0,3.2,3.3,3.16,3.16,0.03,21.0
90/08/20,43.0,137.0,3.2,3.2,3.18,3.18,0.02,9.0
90/08/21,35.0,107.0,3.15,3.18,2.97,2.98,-0.20,14.0
90/08/22,75.0,215.0,2.97,2.98,2.82,2.83,-0.15,19.0
90/08/23,321.0,960.0,2.88,3.02,2.85,3.02,0.19,46.0
90/08/24,353.0,1078.0,3.23,3.23,2.82,2.99,-0.03,83.0
90/08/27,84.0,236.0,2.9,2.9,2.79,2.83,-0.16,24.0
90/08/28,11.0,31.0,2.89,2.89,2.81,2.88,0.05,8.0
90/08/29,45.0,129.0,2.87,2.89,2.82,2.89,0.01,14.0
90/08/30,60.0,176.0,2.89,2.97,2.89,2.94,0.05,24.0
90/08/31,184.0,570.0,2.98,3.14,2.98,3.12,0.18,59.0
90/09/03,134.0,430.0,3.18,3.3,3.14,3.16,0.04,41.0
90/09/04,156.0,482.0,3.2,3.28,2.98,3.16,0.00,48.0
90/09/05,41.0,127.0,3.14,3.2,3.03,3.2,0.04,22.0
90/09/06,51.0,159.0,3.13,3.16,3.05,3.16,-0.04,19.0
90/09/07,42.0,128.0,3.06,3.1,3.01,3.05,-0.11,19.0
90/09/10,76.0,219.0,2.84,3.0,2.84,3.0,-0.05,30.0
90/09/11,61.0,181.0,2.88,3.1,2.87,3.1,0.10,20.0
90/09/13,86.0,250.0,2.89,3.04,2.89,2.98,-0.12,20.0
90/09/14,23.0,67.0,2.9,3.08,2.9,2.99,0.01,10.0
90/09/19,7.0,20.0,2.89,2.89,2.89,2.89,-0.10,3.0
90/09/20,29.0,83.0,2.82,3.08,2.82,2.88,-0.01,14.0
90/09/21,31.0,86.0,2.8,2.8,2.78,2.78,-0.10,14.0
90/09/24,51.0,140.0,2.78,2.78,2.7,2.77,-0.01,14.0
90/09/25,31.0,89.0,2.88,2.88,2.81,2.88,0.11,9.0
90/09/26,832.0,2371.0,2.86,2.91,2.79,2.85,-0.03,10.0
90/09/27,46.0,131.0,2.91,2.91,2.84,2.84,-0.01,3.0
90/09/28,25.0,72.0,2.8,2.89,2.8,2.88,0.04,11.0
90/10/02,52.0,150.0,2.85,2.9,2.85,2.89,0.01,7.0
90/10/03,48.0,138.0,2.88,3.0,2.81,3.0,0.11,13.0
90/10/04,80.0,236.0,3.0,3.05,2.81,3.0,0.00,15.0
90/10/05,5.0,15.0,2.82,3.0,2.82,3.0,0.00,3.0
90/10/08,4.0,12.0,2.98,2.98,2.83,2.83,-0.17,3.0
90/10/09,24.0,67.0,2.82,2.89,2.78,2.85,0.02,10.0
90/10/11,88.0,249.0,2.85,2.88,2.8,2.88,0.03,20.0
90/10/12,8.0,23.0,2.81,2.83,2.81,2.83,-0.05,4.0
90/10/15,0.0,0.0,--,--,--,--,0.00,0
90/10/16,1.0,4.0,2.83,2.83,2.83,2.83,0.00,3.0
90/10/17,25.0,70.0,2.75,2.83,2.75,2.79,-0.04,8.0
90/10/18,86.0,240.0,2.79,2.79,2.79,2.79,0.00,11.0
90/10/19,19.0,54.0,2.79,2.91,2.79,2.91,0.12,10.0
90/10/22,14.0,40.0,2.91,2.91,2.85,2.85,-0.06,6.0
90/10/23,46.0,129.0,2.85,2.89,2.77,2.81,-0.04,16.0
90/10/24,26.0,74.0,2.78,2.88,2.78,2.85,0.04,8.0
90/10/25,19.0,53.0,2.78,2.82,2.78,2.82,-0.03,6.0
90/10/26,66.0,182.0,2.75,2.8,2.71,2.8,-0.02,15.0
90/10/29,64.0,169.0,2.71,2.75,2.61,2.75,-0.05,20.0
90/10/30,99.0,266.0,2.85,2.85,2.56,2.8,0.05,21.0
90/10/31,102.0,267.0,2.66,2.66,2.61,2.64,-0.16,24.0
90/11/01,4.0,10.0,2.55,2.64,2.55,2.64,0.00,3.0
90/11/02,120.0,305.0,2.52,2.63,2.5,2.53,-0.11,27.0
90/11/05,119.0,300.0,2.53,2.55,2.5,2.5,-0.03,32.0
90/11/06,153.0,371.0,2.48,2.48,2.4,2.45,-0.05,41.0
90/11/07,86.0,211.0,2.45,2.45,2.45,2.45,0.00,23.0
90/11/08,637.0,1669.0,2.62,2.62,2.62,2.62,0.17,106.0
90/11/09,345.0,905.0,2.72,2.72,2.5,2.58,-0.04,65.0
90/11/12,92.0,241.0,2.56,2.67,2.56,2.64,0.06,25.0
90/11/13,80.0,207.0,2.55,2.6,2.55,2.6,-0.04,18.0
90/11/14,132.0,350.0,2.69,2.69,2.58,2.65,0.05,23.0
90/11/15,142.0,372.0,2.56,2.65,2.56,2.6,-0.05,19.0
90/11/16,18.0,47.0,2.66,2.66,2.55,2.55,-0.05,5.0
90/11/19,13.0,34.0,2.61,2.62,2.52,2.62,0.07,5.0
90/11/20,111.0,293.0,2.65,2.7,2.56,2.64,0.02,29.0
90/11/21,215.0,539.0,2.56,2.56,2.48,2.49,-0.15,45.0
90/11/22,36.0,89.0,2.5,2.5,2.45,2.46,-0.03,11.0
90/11/23,37.0,92.0,2.58,2.58,2.45,2.45,-0.01,5.0
90/11/26,33.0,81.0,2.45,2.5,2.4,2.45,0.00,10.0
90/11/27,7.0,18.0,2.57,2.57,2.48,2.48,0.03,3.0
90/11/28,30.0,74.0,2.48,2.48,2.43,2.43,-0.05,13.0
90/11/29,7.0,17.0,2.43,2.43,2.43,2.43,0.00,4.0
90/11/30,431.0,994.0,2.43,2.5,2.26,2.26,-0.17,80.0
90/12/03,197.0,440.0,2.26,2.27,2.17,2.22,-0.04,33.0
90/12/04,288.0,633.0,2.3,2.3,2.16,2.2,-0.02,30.0
90/12/05,458.0,1011.0,2.2,2.29,2.15,2.27,0.07,69.0
90/12/06,655.0,1478.0,2.21,2.39,2.2,2.36,0.09,80.0
90/12/07,845.0,2045.0,2.52,2.52,2.35,2.52,0.16,116.0
90/12/10,842.0,2261.0,2.69,2.69,2.59,2.69,0.17,74.0
90/12/11,473.0,1221.0,2.71,2.71,2.51,2.51,-0.18,90.0
90/12/12,610.0,1571.0,2.62,2.62,2.52,2.6,0.09,67.0
90/12/13,1361.0,3707.0,2.68,2.78,2.6,2.78,0.18,135.0
90/12/14,953.0,2830.0,2.97,2.97,2.9,2.97,0.19,74.0
90/12/17,690.0,2182.0,3.17,3.17,3.06,3.17,0.20,80.0
90/12/18,790.0,2558.0,3.39,3.39,3.07,3.35,0.18,114.0
90/12/19,252.0,816.0,3.35,3.35,3.12,3.12,-0.23,39.0
90/12/20,36.0,105.0,2.91,2.91,2.91,2.91,-0.21,9.0
90/12/21,83.0,225.0,2.71,2.71,2.71,2.71,-0.20,13.0
90/12/24,1442.0,3712.0,2.53,2.72,2.53,2.71,0.00,151.0
90/12/25,985.0,2717.0,2.64,2.89,2.56,2.73,0.02,133.0
90/12/26,310.0,905.0,2.92,2.92,2.92,2.92,0.19,54.0
90/12/27,1814.0,5658.0,3.12,3.12,3.1,3.12,0.20,208.0
90/12/28,794.0,2441.0,3.18,3.18,2.93,3.01,-0.11,138.0
90/12/31,764.0,2428.0,3.0,3.22,3.0,3.22,0.21,124.0
91/01/02,1053.0,3579.0,3.35,3.44,3.21,3.44,0.22,171.0
91/01/03,2078.0,7642.0,3.68,3.68,3.55,3.68,0.24,233.0
91/01/04,1300.0,4597.0,3.8,3.85,3.43,3.43,-0.25,212.0
91/01/07,826.0,2898.0,3.5,3.58,3.43,3.57,0.14,142.0
91/01/08,660.0,2327.0,3.57,3.65,3.45,3.5,-0.07,113.0
91/01/09,1213.0,4030.0,3.26,3.52,3.26,3.5,0.00,143.0
91/01/10,961.0,3429.0,3.5,3.74,3.35,3.74,0.24,154.0
91/01/11,1840.0,7322.0,3.98,4.0,3.82,4.0,0.26,258.0
91/01/14,1842.0,7673.0,4.25,4.26,4.0,4.25,0.25,239.0
91/01/15,1227.0,5516.0,4.4,4.54,4.3,4.54,0.29,219.0
91/01/16,630.0,3056.0,4.85,4.85,4.85,4.85,0.31,69.0
91/01/17,2097.0,10759.0,5.15,5.15,4.85,5.15,0.30,278.0
91/01/18,2034.0,10905.0,5.5,5.5,5.15,5.25,0.10,330.0
91/01/21,1930.0,10092.0,5.35,5.45,5.0,5.15,-0.10,225.0
91/01/22,1539.0,8351.0,5.2,5.5,5.05,5.5,0.35,208.0
91/01/23,931.0,5442.0,5.85,5.85,5.7,5.85,0.35,127.0
91/01/24,2577.0,15934.0,6.25,6.25,5.55,6.0,0.15,378.0
91/01/25,1548.0,8762.0,5.9,5.9,5.6,5.6,-0.40,300.0
91/01/28,1213.0,6582.0,5.35,5.6,5.35,5.4,-0.20,202.0
91/01/29,1915.0,10968.0,5.5,5.75,5.5,5.75,0.35,269.0
91/01/30,1371.0,7602.0,5.8,5.8,5.4,5.45,-0.30,200.0
91/01/31,859.0,4723.0,5.35,5.7,5.35,5.5,0.05,173.0
91/02/01,883.0,4721.0,5.55,5.55,5.15,5.15,-0.35,147.0
91/02/04,1299.0,6333.0,5.0,5.1,4.79,4.79,-0.36,244.0
91/02/05,807.0,3616.0,4.7,4.7,4.46,4.46,-0.33,124.0
91/02/06,963.0,4342.0,4.25,4.64,4.25,4.45,-0.01,159.0
91/02/18,448.0,2096.0,4.65,4.75,4.51,4.7,0.25,102.0
91/02/19,1031.0,5142.0,4.8,5.0,4.8,5.0,0.30,154.0
91/02/20,638.0,3183.0,5.2,5.2,4.72,4.81,-0.19,111.0
91/02/21,516.0,2490.0,4.85,4.9,4.63,4.8,-0.01,94.0
91/02/22,753.0,3467.0,4.69,4.8,4.52,4.68,-0.12,86.0
91/02/25,392.0,1819.0,4.63,4.75,4.55,4.63,-0.05,77.0
91/02/26,283.0,1288.0,4.65,4.75,4.5,4.59,-0.04,65.0
91/02/27,250.0,1133.0,4.52,4.57,4.51,4.53,-0.06,65.0
91/03/01,805.0,3809.0,4.6,4.84,4.53,4.82,0.29,147.0
91/03/04,1261.0,6467.0,4.9,5.15,4.9,5.15,0.33,170.0
91/03/05,1683.0,9026.0,5.5,5.5,5.0,5.2,0.05,226.0
91/03/06,982.0,4780.0,5.1,5.1,4.84,4.87,-0.33,185.0
91/03/07,636.0,3114.0,4.81,5.0,4.81,4.9,0.03,131.0
91/03/08,416.0,2050.0,4.9,5.0,4.86,4.94,0.04,94.0
91/03/11,2535.0,13258.0,4.94,5.25,4.94,5.25,0.31,188.0
91/03/12,1376.0,7368.0,5.45,5.45,5.25,5.4,0.15,176.0
91/03/13,3374.0,19214.0,5.5,5.75,5.45,5.75,0.35,355.0
91/03/14,4006.0,24035.0,6.15,6.15,5.6,5.6,-0.15,462.0
91/03/15,1244.0,6616.0,5.25,5.55,5.25,5.25,-0.35,217.0
91/03/18,1053.0,5617.0,5.35,5.5,5.15,5.45,0.20,141.0
91/03/19,819.0,4325.0,5.55,5.55,5.2,5.2,-0.25,127.0
91/03/20,552.0,2932.0,5.2,5.4,5.2,5.35,0.15,111.0
91/03/21,811.0,4304.0,5.3,5.45,5.15,5.25,-0.10,146.0
91/03/22,2823.0,15623.0,5.25,5.6,5.25,5.6,0.35,373.0
91/03/25,2488.0,14428.0,5.75,5.95,5.6,5.75,0.15,364.0
91/03/26,1694.0,9458.0,5.7,5.7,5.5,5.6,-0.15,267.0
91/03/27,1901.0,10947.0,5.6,5.9,5.6,5.75,0.15,254.0
91/03/28,1636.0,9710.0,5.95,6.15,5.6,6.15,0.40,278.0
91/03/29,2156.0,13393.0,6.25,6.5,5.85,6.15,0.00,396.0
91/04/01,883.0,5299.0,6.0,6.15,5.9,6.0,-0.15,180.0
91/04/02,774.0,4607.0,5.9,6.1,5.8,5.95,-0.05,190.0
91/04/03,2603.0,16372.0,5.8,6.35,5.8,6.35,0.40,332.0
91/04/04,2418.0,15547.0,6.45,6.7,6.2,6.4,0.05,386.0
91/04/08,935.0,5884.0,6.4,6.4,6.2,6.2,-0.20,179.0
91/04/09,1121.0,6597.0,6.0,6.0,5.8,5.8,-0.40,192.0
91/04/10,1393.0,7600.0,5.7,5.7,5.4,5.45,-0.35,180.0
91/04/11,903.0,5115.0,5.5,5.75,5.5,5.75,0.30,132.0
91/04/12,736.0,4267.0,5.8,5.9,5.5,5.85,0.10,123.0
91/04/15,1216.0,7390.0,6.0,6.2,5.9,6.1,0.25,201.0
91/04/16,810.0,4876.0,6.2,6.2,5.9,5.9,-0.20,149.0
91/04/17,669.0,3990.0,6.1,6.1,5.9,5.95,0.05,124.0
91/04/18,872.0,5200.0,6.05,6.05,5.8,6.0,0.05,134.0
91/04/19,2191.0,13892.0,6.1,6.4,6.1,6.4,0.40,333.0
91/04/22,1519.0,10326.0,6.8,6.8,6.8,6.8,0.40,166.0
91/04/23,1418.0,10282.0,7.25,7.25,7.25,7.25,0.45,235.0
91/04/24,6279.0,47158.0,7.75,7.75,7.0,7.4,0.15,1092.0
91/04/25,5422.0,41667.0,7.4,7.9,7.2,7.2,-0.20,825.0
91/04/26,2646.0,18396.0,7.2,7.2,6.8,6.8,-0.40,457.0
91/04/29,1295.0,9152.0,6.8,7.2,6.8,6.9,0.10,231.0
91/04/30,1135.0,7832.0,7.0,7.2,6.7,6.7,-0.20,209.0
91/05/02,1820.0,11665.0,6.95,6.95,6.25,6.3,-0.40,258.0
91/05/03,1204.0,7710.0,6.3,6.55,6.15,6.45,0.15,189.0
91/05/06,1031.0,6554.0,6.6,6.6,6.15,6.4,-0.05,198.0
91/05/07,787.0,4949.0,6.4,6.4,6.15,6.2,-0.20,147.0
91/05/08,975.0,6301.0,6.4,6.6,6.25,6.6,0.40,129.0
91/05/09,1945.0,13616.0,7.05,7.05,6.8,7.05,0.45,363.0
91/05/10,942.0,6476.0,7.0,7.0,6.7,6.8,-0.25,179.0
91/05/13,450.0,3058.0,6.75,6.9,6.7,6.8,0.00,96.0
91/05/14,990.0,6563.0,6.9,6.95,6.4,6.4,-0.40,167.0
91/05/15,903.0,5755.0,6.45,6.5,6.2,6.35,-0.05,218.0
91/05/16,769.0,4872.0,6.25,6.5,6.25,6.35,0.00,115.0
91/05/17,357.0,2249.0,6.35,6.4,6.2,6.25,-0.10,78.0
91/05/20,765.0,4561.0,6.2,6.2,5.85,5.85,-0.40,118.0
91/05/21,1269.0,6954.0,5.45,5.65,5.45,5.45,-0.40,176.0
91/05/22,363.0,2104.0,5.8,5.8,5.5,5.8,0.35,63.0
91/05/23,1152.0,7107.0,6.2,6.2,6.0,6.1,0.30,228.0
91/05/24,1138.0,7127.0,6.0,6.45,6.0,6.45,0.35,219.0
91/05/27,1934.0,13112.0,6.4,6.9,6.4,6.9,0.45,288.0
91/05/28,3110.0,22156.0,7.25,7.3,6.7,7.05,0.15,514.0
91/05/29,1123.0,7654.0,6.9,7.05,6.65,6.7,-0.35,198.0
91/05/30,1550.0,10739.0,6.6,7.05,6.6,6.95,0.25,265.0
91/05/31,3334.0,24187.0,7.15,7.4,7.0,7.1,0.15,584.0
91/06/03,1840.0,12297.0,6.9,6.9,6.65,6.65,-0.45,272.0
91/06/04,968.0,6219.0,6.4,6.55,6.3,6.5,-0.15,194.0
91/06/05,784.0,5227.0,6.55,6.75,6.55,6.65,0.15,156.0
91/06/06,1713.0,11876.0,6.75,7.1,6.75,6.95,0.30,332.0
91/06/07,1593.0,10853.0,6.65,7.05,6.6,6.7,-0.25,284.0
91/06/10,4375.0,31088.0,6.95,7.15,6.85,7.15,0.45,562.0
91/06/11,2921.0,20805.0,7.3,7.35,6.9,7.2,0.05,460.0
91/06/12,8100.0,60742.0,7.1,7.7,6.8,7.7,0.50,832.0
91/06/13,9307.0,73711.0,7.8,8.1,7.65,7.7,0.00,1140.0
91/06/14,3228.0,24776.0,7.65,7.9,7.5,7.65,-0.05,571.0
91/06/17,2339.0,17638.0,7.9,7.9,7.3,7.45,-0.20,446.0
91/06/18,1837.0,13658.0,7.5,7.6,7.2,7.35,-0.10,299.0
91/06/19,3620.0,25206.0,7.4,7.5,6.85,7.0,-0.35,533.0
91/06/20,1896.0,12883.0,6.8,7.0,6.6,6.95,-0.05,273.0
91/06/21,1574.0,10925.0,6.9,7.05,6.7,7.0,0.05,300.0
91/06/24,2466.0,17455.0,7.05,7.3,6.85,6.9,-0.10,411.0
91/06/25,1242.0,8235.0,6.9,6.95,6.5,6.5,-0.40,270.0
91/06/26,1248.0,7663.0,6.4,6.4,6.05,6.1,-0.40,233.0
91/06/27,848.0,5286.0,6.2,6.4,6.1,6.2,0.10,198.0
91/06/28,1123.0,7251.0,6.4,6.5,6.3,6.4,0.20,190.0
91/07/01,622.0,3859.0,6.4,6.4,6.1,6.15,-0.25,133.0
91/07/02,466.0,2879.0,6.1,6.3,6.0,6.25,0.10,91.0
91/07/03,711.0,4438.0,6.1,6.35,6.0,6.2,-0.05,134.0
91/07/04,978.0,6302.0,6.3,6.6,6.2,6.6,0.40,179.0
91/07/05,1854.0,12515.0,6.7,7.0,6.6,6.65,0.05,310.0
91/07/08,1621.0,10875.0,6.75,6.9,6.4,6.75,0.10,258.0
91/07/09,1051.0,6921.0,6.75,6.8,6.5,6.5,-0.25,199.0
91/07/10,890.0,5638.0,6.55,6.65,6.2,6.25,-0.25,178.0
91/07/11,761.0,4752.0,6.2,6.4,6.1,6.2,-0.05,168.0
91/07/12,897.0,5630.0,6.2,6.35,6.2,6.3,0.10,191.0
91/07/15,1592.0,10489.0,6.4,6.7,6.3,6.7,0.40,265.0
91/07/16,1210.0,8158.0,6.9,6.9,6.55,6.55,-0.15,219.0
91/07/17,654.0,4259.0,6.45,6.7,6.45,6.45,-0.10,135.0
91/07/18,956.0,6378.0,6.5,6.75,6.5,6.65,0.20,165.0
91/07/19,960.0,6337.0,6.7,6.7,6.5,6.55,-0.10,127.0
91/07/22,541.0,3557.0,6.55,6.75,6.45,6.7,0.15,124.0
91/07/23,3397.0,23804.0,6.65,7.15,6.65,6.8,0.10,446.0
91/07/24,2109.0,14191.0,6.6,6.9,6.6,6.6,-0.20,312.0
91/07/25,806.0,5393.0,6.8,6.8,6.55,6.65,0.05,169.0
91/07/26,659.0,4234.0,6.65,6.7,6.3,6.45,-0.20,151.0
91/07/29,392.0,2548.0,6.55,6.6,6.4,6.45,0.00,98.0
91/07/30,457.0,2964.0,6.55,6.6,6.4,6.4,-0.05,107.0
91/07/31,737.0,4821.0,6.6,6.6,6.45,6.45,0.05,133.0
91/08/01,610.0,3999.0,6.45,6.7,6.45,6.55,0.10,134.0
91/08/02,756.0,4973.0,6.5,6.75,6.5,6.5,-0.05,169.0
91/08/05,1005.0,6100.0,6.1,6.2,6.05,6.05,-0.45,192.0
91/08/06,772.0,4531.0,5.8,6.05,5.75,5.8,-0.25,173.0
91/08/07,458.0,2774.0,6.05,6.2,5.95,6.1,0.30,97.0
91/08/08,456.0,2782.0,6.1,6.2,6.0,6.0,-0.10,100.0
91/08/09,535.0,3252.0,6.15,6.15,6.0,6.0,0.00,121.0
91/08/12,609.0,3603.0,6.0,6.0,5.8,6.0,0.00,109.0
91/08/13,195.0,1155.0,6.0,6.05,5.85,5.9,-0.10,53.0
91/08/14,596.0,3598.0,5.9,6.15,5.9,6.05,0.15,117.0
91/08/15,636.0,3837.0,6.1,6.15,5.9,6.0,-0.05,103.0
91/08/16,446.0,2649.0,6.0,6.05,5.85,5.85,-0.15,93.0
91/08/19,396.0,2297.0,5.8,5.85,5.75,5.75,-0.10,106.0
91/08/20,423.0,2412.0,5.85,5.85,5.6,5.6,-0.15,89.0
91/08/21,1048.0,6183.0,5.6,5.95,5.55,5.95,0.35,174.0
91/08/22,630.0,3761.0,6.15,6.15,5.85,5.85,-0.10,138.0
91/08/23,356.0,2091.0,5.9,5.95,5.8,5.8,-0.05,65.0
91/08/26,201.0,1168.0,5.8,5.9,5.7,5.85,0.05,56.0
91/08/27,369.0,2164.0,5.8,5.9,5.8,5.85,0.00,64.0
91/08/28,345.0,2009.0,5.85,5.95,5.7,5.7,-0.15,77.0
91/08/29,342.0,1934.0,5.7,5.75,5.6,5.65,-0.05,72.0
91/08/30,162.0,919.0,5.65,5.75,5.65,5.65,0.00,46.0
91/09/02,384.0,2114.0,5.7,5.7,5.35,5.5,-0.15,86.0
91/09/03,488.0,2643.0,5.5,5.6,5.15,5.3,-0.20,85.0
91/09/04,271.0,1389.0,5.2,5.25,5.0,5.0,-0.30,61.0
91/09/05,519.0,2606.0,5.2,5.2,4.96,5.0,0.00,69.0
91/09/09,88.0,450.0,5.0,5.2,5.0,5.15,0.15,28.0
91/09/10,416.0,2181.0,5.2,5.4,5.2,5.4,0.25,74.0
91/09/11,402.0,2145.0,5.5,5.5,5.1,5.1,-0.30,75.0
91/09/12,298.0,1522.0,5.2,5.2,5.05,5.05,-0.05,55.0
91/09/13,183.0,909.0,5.05,5.05,4.91,4.96,-0.09,48.0
91/09/16,269.0,1356.0,5.0,5.15,5.0,5.0,0.04,59.0
91/09/17,211.0,1084.0,5.1,5.2,5.05,5.15,0.15,51.0
91/09/18,143.0,722.0,5.2,5.2,5.0,5.0,-0.15,49.0
91/09/19,394.0,2009.0,5.1,5.15,5.0,5.1,0.10,68.0
91/09/20,271.0,1362.0,5.1,5.1,5.0,5.0,-0.10,50.0
91/09/23,260.0,1292.0,5.0,5.0,4.95,4.95,-0.05,51.0
91/09/24,179.0,894.0,4.95,5.05,4.93,5.05,0.10,42.0
91/09/25,281.0,1365.0,5.0,5.0,4.75,4.82,-0.23,64.0
91/09/26,159.0,777.0,4.9,4.94,4.8,4.8,-0.02,36.0
91/09/27,160.0,779.0,4.95,4.95,4.75,4.83,0.03,43.0
91/09/30,294.0,1368.0,4.83,4.83,4.55,4.66,-0.17,63.0
91/10/01,494.0,2293.0,4.7,4.75,4.6,4.66,0.00,84.0
91/10/02,593.0,2750.0,4.71,4.74,4.56,4.6,-0.06,87.0
91/10/03,1052.0,4538.0,4.55,4.55,4.28,4.28,-0.32,131.0
91/10/04,248.0,1023.0,4.05,4.3,4.05,4.12,-0.16,47.0
91/10/07,570.0,2231.0,4.08,4.08,3.84,3.84,-0.28,88.0
91/10/08,429.0,1667.0,3.76,4.1,3.76,4.09,0.25,75.0
91/10/09,126.0,508.0,4.09,4.09,3.92,4.0,-0.09,28.0
91/10/11,230.0,916.0,4.1,4.1,3.9,3.9,-0.10,46.0
91/10/14,347.0,1358.0,3.91,4.0,3.91,3.92,0.02,48.0
91/10/15,202.0,822.0,3.95,4.1,3.95,4.1,0.18,37.0
91/10/16,559.0,2258.0,4.12,4.15,4.0,4.1,0.00,95.0
91/10/17,341.0,1413.0,4.01,4.2,4.01,4.16,0.06,63.0
91/10/18,327.0,1432.0,4.29,4.45,4.29,4.45,0.29,66.0
91/10/21,379.0,1788.0,4.69,4.76,4.55,4.76,0.31,64.0
91/10/22,2693.0,13492.0,5.05,5.05,4.83,4.85,0.09,372.0
91/10/23,1242.0,6165.0,5.0,5.05,4.85,4.99,0.14,179.0
91/10/24,1084.0,5323.0,5.0,5.0,4.81,4.88,-0.11,144.0
91/10/25,573.0,2725.0,4.8,4.85,4.7,4.7,-0.18,91.0
91/10/28,2559.0,12744.0,4.7,5.0,4.7,5.0,0.30,253.0
91/10/29,3267.0,16987.0,5.35,5.35,5.0,5.1,0.10,371.0
91/10/30,1088.0,5500.0,5.2,5.2,4.99,4.99,-0.11,187.0
91/10/31,1538.0,7969.0,5.0,5.3,5.0,5.25,0.26,238.0
91/11/01,979.0,5065.0,5.2,5.4,5.05,5.05,-0.20,197.0
91/11/04,1025.0,5294.0,5.2,5.25,5.1,5.2,0.15,182.0
91/11/05,1119.0,5883.0,5.3,5.35,5.2,5.2,0.00,198.0
91/11/06,1930.0,10361.0,5.25,5.5,5.25,5.35,0.15,308.0
91/11/07,950.0,5039.0,5.4,5.4,5.2,5.3,-0.05,150.0
91/11/08,2062.0,11262.0,5.25,5.6,5.25,5.6,0.30,314.0
91/11/11,3065.0,17738.0,5.6,5.95,5.6,5.9,0.30,378.0
91/11/12,1159.0,6726.0,5.7,5.9,5.7,5.75,-0.15,188.0
91/11/13,1454.0,8768.0,5.8,6.15,5.8,6.1,0.35,232.0
91/11/14,1594.0,9594.0,6.1,6.2,5.85,5.85,-0.25,246.0
91/11/15,1182.0,7388.0,6.25,6.25,6.25,6.25,0.40,181.0
91/11/18,732.0,4867.0,6.65,6.65,6.65,6.65,0.40,146.0
91/11/19,13388.0,94778.0,7.1,7.1,6.9,7.1,0.45,1904.0
91/11/20,5800.0,40481.0,7.1,7.45,6.7,7.1,0.00,881.0
91/11/21,4020.0,28054.0,7.2,7.35,6.7,6.7,-0.40,715.0
91/11/22,2331.0,15762.0,6.8,6.95,6.6,6.65,-0.05,398.0
91/11/25,3524.0,24244.0,6.6,7.1,6.45,7.0,0.35,594.0
91/11/26,3578.0,25090.0,7.0,7.2,6.8,6.95,-0.05,539.0
91/11/27,3895.0,27286.0,6.8,7.1,6.8,7.1,0.15,524.0
91/11/28,3073.0,21963.0,7.4,7.4,7.0,7.0,-0.10,454.0
91/11/29,1800.0,12343.0,6.95,7.0,6.8,6.85,-0.15,299.0
91/12/02,1278.0,8588.0,6.85,6.85,6.6,6.8,-0.05,238.0
91/12/03,1343.0,9078.0,6.75,6.85,6.6,6.8,0.00,264.0
91/12/04,1475.0,10079.0,6.75,6.95,6.7,6.9,0.10,246.0
91/12/05,1455.0,10159.0,6.9,7.1,6.9,6.9,0.00,272.0
91/12/06,953.0,6484.0,6.9,6.95,6.7,6.75,-0.15,208.0
91/12/09,5565.0,39705.0,6.9,7.2,6.9,7.2,0.45,736.0
91/12/10,7456.0,55117.0,7.2,7.7,7.05,7.7,0.50,1095.0
91/12/11,14189.0,114305.0,8.15,8.2,7.6,7.7,0.00,2244.0
91/12/12,5000.0,38694.0,7.5,8.0,7.4,8.0,0.30,851.0
91/12/13,4349.0,33848.0,7.9,8.15,7.6,7.6,-0.40,817.0
91/12/16,2749.0,20956.0,7.65,7.8,7.4,7.5,-0.10,529.0
91/12/17,1889.0,14240.0,7.5,7.7,7.4,7.55,0.05,328.0
91/12/18,2992.0,23449.0,7.7,8.0,7.55,7.9,0.35,522.0
91/12/19,6219.0,50818.0,7.8,8.3,7.75,8.25,0.35,1032.0
91/12/20,6012.0,48058.0,8.25,8.25,7.7,7.75,-0.50,886.0
91/12/23,3043.0,24380.0,7.85,8.1,7.85,8.1,0.35,581.0
91/12/24,3132.0,24656.0,8.1,8.25,7.7,7.75,-0.35,649.0
91/12/25,3161.0,23524.0,7.7,7.8,7.25,7.25,-0.50,581.0
91/12/26,2044.0,14424.0,7.0,7.35,6.85,7.1,-0.15,397.0
91/12/27,1153.0,8438.0,7.1,7.45,7.1,7.4,0.30,255.0
91/12/30,1326.0,9419.0,7.3,7.3,7.0,7.2,-0.20,250.0
91/12/31,641.0,4505.0,7.2,7.2,6.9,7.05,-0.15,171.0
92/01/02,1438.0,10499.0,7.05,7.5,7.0,7.5,0.45,295.0
92/01/03,1228.0,9161.0,7.4,7.65,7.3,7.3,-0.20,272.0
92/01/06,2926.0,22191.0,7.35,7.8,7.3,7.8,0.50,508.0
92/01/07,3446.0,26989.0,8.0,8.05,7.6,7.65,-0.15,546.0
92/01/08,4157.0,32941.0,7.6,8.1,7.5,8.0,0.35,655.0
92/01/09,2071.0,16125.0,7.9,8.0,7.65,7.7,-0.30,408.0
92/01/10,1914.0,14911.0,7.9,7.9,7.7,7.75,0.05,341.0
92/01/13,2571.0,20293.0,7.95,8.0,7.8,7.9,0.15,458.0
92/01/14,5439.0,44256.0,7.9,8.4,7.8,8.1,0.20,977.0
92/01/15,9469.0,79964.0,8.1,8.65,8.1,8.65,0.55,1382.0
92/01/16,9528.0,81657.0,8.8,8.9,8.2,8.55,-0.10,1411.0
92/01/17,5199.0,43687.0,8.6,8.7,8.2,8.35,-0.20,884.0
92/01/20,6551.0,57081.0,8.35,8.9,8.35,8.9,0.55,989.0
92/01/21,3944.0,37465.0,9.5,9.5,9.5,9.5,0.60,568.0
92/01/22,14181.0,143032.0,10.15,10.15,9.7,10.15,0.65,1844.0
92/01/23,3177.0,34473.0,10.85,10.85,10.85,10.85,0.70,556.0
92/01/24,16063.0,182224.0,11.6,11.6,10.45,11.5,0.65,2500.0
92/01/27,8180.0,88899.0,11.5,11.5,10.7,10.8,-0.70,1397.0
92/01/28,6523.0,71466.0,10.4,11.5,10.25,10.8,0.00,1350.0
92/02/06,6348.0,72089.0,11.4,11.55,11.05,11.55,0.75,1077.0
92/02/07,7714.0,88853.0,11.95,12.35,10.75,11.45,-0.10,1701.0
92/02/10,4098.0,45134.0,11.3,11.8,10.65,10.65,-0.80,1018.0
92/02/11,3656.0,37162.0,10.8,10.95,9.95,9.95,-0.70,854.0
92/02/12,3657.0,37076.0,9.95,10.45,9.5,9.95,0.00,797.0
92/02/13,2786.0,26301.0,9.9,9.95,9.3,9.3,-0.65,634.0
92/02/14,2824.0,25476.0,9.35,9.6,8.7,8.75,-0.55,613.0
92/02/17,957.0,8949.0,9.35,9.35,9.3,9.35,0.60,185.0
92/02/18,5754.0,56833.0,9.9,10.0,9.5,10.0,0.65,975.0
92/02/19,4015.0,38199.0,10.0,10.0,9.3,9.4,-0.60,821.0
92/02/20,4970.0,44144.0,9.1,9.4,8.75,8.8,-0.60,892.0
92/02/21,2389.0,21338.0,8.75,9.2,8.7,8.95,0.15,549.0
92/02/24,2416.0,22331.0,9.05,9.5,9.0,9.5,0.55,627.0
92/02/25,2150.0,19742.0,9.15,9.45,9.0,9.0,-0.50,495.0
92/02/26,3410.0,29011.0,8.5,9.0,8.4,8.45,-0.55,704.0
92/02/27,2274.0,18253.0,8.3,8.3,7.9,7.9,-0.55,471.0
92/03/03,3518.0,28833.0,8.05,8.35,8.05,8.2,0.30,610.0
92/03/04,3604.0,29455.0,8.0,8.3,7.95,8.2,0.00,605.0
92/03/05,3203.0,26695.0,8.15,8.55,8.1,8.4,0.20,644.0
92/03/06,1694.0,14009.0,8.5,8.6,8.05,8.15,-0.25,378.0
92/03/07,2584.0,19729.0,7.8,8.0,7.6,7.6,-0.55,531.0
92/03/10,1331.0,10110.0,7.6,7.8,7.4,7.5,-0.10,288.0
92/03/11,1817.0,12914.0,7.1,7.45,7.0,7.0,-0.50,366.0
92/03/12,2075.0,14618.0,7.0,7.4,6.7,7.3,0.30,440.0
92/03/13,1594.0,11858.0,7.3,7.7,7.0,7.7,0.40,390.0
92/03/14,2197.0,17574.0,7.9,8.1,7.9,7.95,0.25,471.0
92/03/17,1099.0,8237.0,7.95,7.95,7.4,7.4,-0.55,272.0
92/03/18,1989.0,15079.0,7.7,7.75,7.4,7.5,0.10,419.0
92/03/19,936.0,6790.0,7.5,7.5,7.15,7.2,-0.30,234.0
92/03/20,2491.0,18273.0,7.3,7.7,7.0,7.7,0.50,540.0
92/03/21,2741.0,21407.0,7.7,8.0,7.5,7.75,0.05,555.0
92/03/24,992.0,7722.0,7.75,7.95,7.65,7.75,0.00,214.0
92/03/25,667.0,5055.0,7.65,7.7,7.45,7.55,-0.20,168.0
92/03/26,725.0,5497.0,7.65,7.7,7.45,7.45,-0.10,174.0
92/03/27,561.0,4210.0,7.4,7.65,7.4,7.6,0.15,144.0
92/03/28,575.0,4345.0,7.6,7.7,7.45,7.45,-0.15,142.0
92/03/31,1013.0,7155.0,7.4,7.45,6.95,6.95,-0.50,260.0
92/04/01,933.0,6544.0,6.8,7.15,6.7,7.05,0.10,205.0
92/04/02,552.0,3858.0,7.05,7.1,6.9,7.0,-0.05,135.0
92/04/03,713.0,5041.0,7.1,7.2,6.85,7.0,0.00,171.0
92/04/04,1787.0,13036.0,7.0,7.45,6.9,7.45,0.45,344.0
92/04/07,2405.0,18549.0,7.55,7.85,7.5,7.6,0.15,497.0
92/04/08,1569.0,12038.0,7.7,7.85,7.4,7.5,-0.10,367.0
92/04/09,1342.0,10121.0,7.5,7.75,7.4,7.75,0.25,268.0
92/04/10,6042.0,49276.0,8.0,8.25,7.9,8.2,0.45,1069.0
92/04/11,2378.0,19181.0,8.1,8.2,7.9,7.95,-0.25,467.0
92/04/14,2545.0,20667.0,8.05,8.35,8.0,8.0,0.05,500.0
92/04/15,1196.0,9495.0,8.0,8.1,7.8,8.0,0.00,262.0
92/04/16,1423.0,11346.0,8.05,8.15,7.9,7.95,-0.05,289.0
92/04/17,1397.0,10850.0,8.05,8.05,7.65,7.65,-0.30,305.0
92/04/18,2074.0,15813.0,7.65,7.8,7.5,7.55,-0.10,449.0
92/04/21,1347.0,9969.0,7.55,7.65,7.3,7.3,-0.25,287.0
92/04/22,590.0,4305.0,7.2,7.5,7.2,7.25,-0.05,219.0
92/04/23,799.0,5850.0,7.3,7.4,7.25,7.3,0.05,178.0
92/04/24,1561.0,10905.0,7.3,7.35,6.85,6.9,-0.40,301.0
92/04/25,1197.0,7999.0,6.65,6.9,6.5,6.55,-0.35,232.0
92/04/28,1230.0,7531.0,6.2,6.2,6.1,6.1,-0.45,248.0
92/04/29,1452.0,9336.0,6.15,6.5,6.15,6.45,0.35,281.0
92/04/30,1147.0,7020.0,6.35,6.45,6.0,6.1,-0.35,214.0
92/05/02,681.0,4112.0,6.0,6.25,5.85,6.2,0.10,162.0
92/05/05,715.0,4319.0,6.1,6.2,5.95,6.1,-0.10,171.0
92/05/06,542.0,3394.0,6.1,6.35,6.1,6.25,0.15,139.0
92/05/07,1090.0,6932.0,6.35,6.5,6.25,6.5,0.25,218.0
92/05/08,762.0,4772.0,6.35,6.4,6.2,6.3,-0.20,144.0
92/05/09,871.0,5617.0,6.3,6.6,6.3,6.4,0.10,197.0
92/05/12,795.0,5105.0,6.45,6.5,6.3,6.3,-0.10,154.0
92/05/13,620.0,3963.0,6.5,6.5,6.3,6.3,0.00,137.0
92/05/14,360.0,2296.0,6.3,6.5,6.3,6.3,0.00,86.0
92/05/15,709.0,4439.0,6.3,6.4,6.2,6.25,-0.05,136.0
92/05/16,484.0,3061.0,6.25,6.4,6.25,6.25,0.00,103.0
92/05/19,545.0,3437.0,6.25,6.4,6.2,6.35,0.10,105.0
92/05/20,391.0,2461.0,6.3,6.4,6.2,6.25,-0.10,65.0
92/05/21,609.0,3733.0,6.25,6.25,6.0,6.0,-0.25,129.0
92/05/22,428.0,2613.0,6.0,6.15,6.0,6.05,0.05,87.0
92/05/23,586.0,3628.0,6.15,6.3,6.1,6.2,0.15,91.0
92/05/26,1684.0,10929.0,6.3,6.6,6.25,6.6,0.40,269.0
92/05/27,1364.0,9106.0,6.65,6.8,6.5,6.6,0.00,218.0
92/05/28,1033.0,6891.0,6.7,6.8,6.5,6.6,0.00,184.0
92/05/29,2149.0,14492.0,6.5,7.05,6.45,6.8,0.20,357.0
92/05/30,3388.0,23833.0,6.9,7.15,6.9,7.05,0.25,468.0
92/06/02,2160.0,15311.0,6.95,7.25,6.9,7.05,0.00,316.0
92/06/03,1187.0,8469.0,7.0,7.25,7.0,7.0,-0.05,234.0
92/06/05,1043.0,7420.0,7.0,7.2,7.0,7.2,0.20,185.0
92/06/06,894.0,6294.0,7.15,7.15,7.0,7.05,-0.15,156.0
92/06/09,1190.0,8368.0,7.1,7.15,6.9,6.95,-0.10,231.0
92/06/10,1330.0,9260.0,6.95,7.05,6.9,6.9,-0.05,223.0
92/06/11,1445.0,9948.0,6.95,7.0,6.8,6.8,-0.10,254.0
92/06/12,1304.0,9024.0,6.8,7.0,6.8,6.95,0.15,240.0
92/06/13,1513.0,10527.0,7.0,7.1,6.85,6.85,-0.10,264.0
92/06/16,1737.0,12148.0,6.85,7.1,6.85,7.1,0.25,320.0
92/06/17,2160.0,15248.0,7.2,7.25,6.9,6.9,-0.20,374.0
92/06/18,1943.0,13557.0,7.0,7.1,6.9,6.9,0.00,319.0
92/06/19,1112.0,7716.0,6.9,7.0,6.9,7.0,0.10,204.0
92/06/20,1256.0,8646.0,7.0,7.0,6.8,6.8,-0.20,233.0
92/06/23,1155.0,7847.0,6.8,6.9,6.7,6.7,-0.10,172.0
92/06/24,558.0,3751.0,6.7,6.9,6.65,6.75,0.05,117.0
92/06/25,852.0,5833.0,6.75,6.95,6.75,6.8,0.05,158.0
92/06/26,971.0,6532.0,6.8,6.85,6.6,6.7,-0.10,155.0
92/06/27,794.0,5241.0,6.7,6.75,6.5,6.5,-0.20,156.0
92/06/30,1008.0,6780.0,6.55,6.8,6.55,6.75,0.25,169.0
92/07/01,1397.0,9499.0,6.8,6.85,6.7,6.85,0.10,193.0
92/07/02,2272.0,15773.0,6.85,7.05,6.8,6.95,0.10,339.0
92/07/03,1334.0,9080.0,7.0,7.05,6.7,6.7,-0.25,240.0
92/07/04,1948.0,12786.0,6.75,6.75,6.45,6.55,-0.15,268.0
92/07/07,1853.0,12561.0,6.7,6.9,6.7,6.75,0.20,322.0
92/07/08,2197.0,14846.0,6.9,6.9,6.65,6.8,0.05,270.0
92/07/09,1698.0,11747.0,6.8,7.05,6.8,6.95,0.15,274.0
92/07/10,3532.0,25411.0,7.0,7.4,7.0,7.2,0.25,496.0
92/07/11,2006.0,13870.0,7.15,7.15,6.8,7.0,-0.20,307.0
92/07/14,2295.0,16973.0,7.2,7.45,7.2,7.45,0.45,352.0
92/07/15,5392.0,41896.0,7.7,7.95,7.55,7.75,0.30,960.0
92/07/16,3320.0,26553.0,7.8,8.15,7.8,8.0,0.25,688.0
92/07/17,1958.0,15206.0,8.0,8.0,7.6,7.6,-0.40,412.0
92/07/18,1438.0,10734.0,7.6,7.65,7.35,7.4,-0.20,282.0
92/07/21,1227.0,9353.0,7.5,7.7,7.5,7.6,0.20,271.0
92/07/22,837.0,6299.0,7.6,7.75,7.4,7.5,-0.10,176.0
92/07/23,1170.0,8631.0,7.45,7.6,7.25,7.25,-0.25,207.0
92/07/24,997.0,7270.0,7.3,7.45,7.2,7.3,0.05,146.0
92/07/25,1003.0,7336.0,7.3,7.45,7.2,7.3,0.00,199.0
92/07/28,1348.0,9920.0,7.4,7.45,7.3,7.3,0.00,222.0
92/07/29,1734.0,12268.0,7.3,7.3,6.95,7.05,-0.25,317.0
92/07/30,519.0,3685.0,7.15,7.15,7.05,7.05,0.00,143.0
92/07/31,832.0,5870.0,7.05,7.15,7.0,7.1,0.05,150.0
92/08/01,597.0,4241.0,7.05,7.2,7.0,7.1,0.00,121.0
92/08/04,649.0,4629.0,7.1,7.2,7.05,7.15,0.05,136.0
92/08/05,567.0,4006.0,7.15,7.15,7.0,7.0,-0.15,111.0
92/08/06,257.0,1799.0,7.0,7.05,6.95,7.0,0.00,72.0
92/08/07,339.0,2374.0,7.0,7.1,6.95,6.95,-0.05,74.0
92/08/08,615.0,4355.0,6.95,7.25,6.95,7.0,0.05,115.0
92/08/11,430.0,3000.0,7.0,7.1,6.9,6.95,-0.05,79.0
92/08/12,430.0,3011.0,6.95,7.1,6.95,7.0,0.05,76.0
92/08/13,678.0,4816.0,7.1,7.2,7.0,7.1,0.10,141.0
92/08/14,524.0,3679.0,7.2,7.2,6.95,6.95,-0.15,99.0
92/08/15,511.0,3566.0,7.0,7.1,6.9,6.9,-0.05,108.0
92/08/18,555.0,3843.0,7.0,7.0,6.9,6.9,0.00,108.0
92/08/19,682.0,4755.0,7.0,7.05,6.9,6.95,0.05,131.0
92/08/20,432.0,3011.0,7.0,7.05,6.9,6.95,0.00,73.0
92/08/21,525.0,3671.0,6.9,7.1,6.9,6.95,0.00,114.0
92/08/22,660.0,4624.0,6.95,7.05,6.95,7.0,0.05,127.0
92/08/25,670.0,4742.0,7.1,7.15,7.0,7.1,0.10,139.0
92/08/26,699.0,4897.0,7.05,7.05,6.95,7.0,-0.10,92.0
92/08/27,1938.0,13950.0,7.1,7.3,7.05,7.15,0.15,352.0
92/08/28,1005.0,7129.0,7.15,7.2,6.9,6.9,-0.25,207.0
92/08/29,442.0,3083.0,6.95,7.0,6.95,7.0,0.10,95.0
92/09/01,941.0,6621.0,7.2,7.2,7.0,7.0,0.00,160.0
92/09/02,548.0,3813.0,7.05,7.05,6.9,6.9,-0.10,117.0
92/09/03,290.0,2014.0,7.0,7.0,6.9,6.9,0.00,73.0
92/09/04,283.0,1954.0,6.95,7.0,6.9,6.9,0.00,64.0
92/09/05,200.0,1383.0,6.95,6.95,6.8,6.9,0.00,61.0
92/09/08,1187.0,8388.0,6.95,7.15,6.95,7.05,0.15,249.0
92/09/09,773.0,5422.0,7.1,7.1,7.0,7.0,-0.05,112.0
92/09/10,680.0,4696.0,7.0,7.05,6.65,7.0,0.00,159.0
92/09/12,328.0,2263.0,6.9,7.0,6.85,6.85,-0.15,64.0
92/09/15,417.0,2842.0,6.75,6.95,6.7,6.95,0.10,83.0
92/09/16,444.0,3063.0,6.95,7.0,6.8,6.95,0.00,64.0
92/09/17,441.0,3045.0,7.0,7.0,6.85,7.0,0.05,91.0
92/09/18,453.0,3120.0,7.0,7.0,6.8,6.95,-0.05,106.0
92/09/19,511.0,3520.0,6.95,6.95,6.85,6.95,0.00,83.0
92/09/22,261.0,1811.0,6.95,7.0,6.9,6.95,0.00,60.0
92/09/23,182.0,1253.0,6.95,6.95,6.85,6.9,-0.05,50.0
92/09/24,309.0,2134.0,6.95,6.95,6.85,6.9,0.00,68.0
92/09/25,189.0,1303.0,6.9,6.9,6.85,6.9,0.00,42.0
92/09/26,304.0,2101.0,6.9,7.0,6.85,6.95,0.05,62.0
92/09/29,890.0,6294.0,7.0,7.15,6.95,7.1,0.15,192.0
92/09/30,533.0,3745.0,7.15,7.15,6.95,6.95,-0.15,83.0
92/10/01,266.0,1841.0,6.95,6.95,6.85,6.9,-0.05,49.0
92/10/02,182.0,1256.0,6.95,6.95,6.85,6.9,0.00,60.0
92/10/03,612.0,4304.0,6.9,7.1,6.9,7.05,0.15,105.0
92/10/06,659.0,4637.0,7.05,7.1,6.95,7.0,-0.05,115.0
92/10/07,207.0,1447.0,7.0,7.1,6.95,6.95,-0.05,57.0
92/10/08,908.0,6357.0,6.95,7.1,6.9,6.95,0.00,169.0
92/10/09,1017.0,7152.0,6.95,7.1,6.95,7.1,0.15,163.0
92/10/13,2245.0,16101.0,7.1,7.35,7.0,7.3,0.20,384.0
92/10/14,1373.0,9982.0,7.35,7.4,7.1,7.1,-0.20,242.0
92/10/15,1755.0,12750.0,7.15,7.4,7.1,7.3,0.20,286.0
92/10/16,3237.0,24191.0,7.4,7.7,7.35,7.5,0.20,561.0
92/10/17,2017.0,15079.0,7.6,7.65,7.3,7.35,-0.15,376.0
92/10/20,1327.0,9903.0,7.4,7.55,7.4,7.45,0.10,247.0
92/10/21,1059.0,7789.0,7.4,7.5,7.3,7.3,-0.15,183.0
92/10/22,998.0,7378.0,7.3,7.45,7.3,7.45,0.15,170.0
92/10/23,1706.0,12716.0,7.45,7.6,7.3,7.5,0.05,243.0
92/10/24,3711.0,28669.0,7.8,7.85,7.6,7.65,0.15,544.0
92/10/27,8496.0,68070.0,7.8,8.15,7.8,8.15,0.50,1050.0
92/10/28,4222.0,34374.0,8.25,8.25,8.0,8.1,-0.05,726.0
92/10/29,3046.0,24243.0,8.1,8.2,7.8,7.9,-0.20,490.0
92/10/30,1380.0,10882.0,7.9,7.95,7.8,7.95,0.05,271.0
92/10/31,2360.0,18806.0,8.0,8.15,7.85,7.85,-0.10,323.0
92/11/03,1279.0,10022.0,7.85,7.9,7.8,7.8,-0.05,237.0
92/11/04,1597.0,12616.0,7.9,8.0,7.8,7.9,0.10,277.0
92/11/05,606.0,4783.0,7.9,7.95,7.85,7.85,-0.05,141.0
92/11/06,1756.0,13847.0,7.9,8.05,7.5,7.7,-0.15,343.0
92/11/07,1227.0,9440.0,7.75,7.85,7.6,7.6,-0.10,246.0
92/11/10,1596.0,12636.0,7.75,8.0,7.7,7.95,0.35,322.0
92/11/11,1457.0,11566.0,8.0,8.05,7.8,7.95,0.00,264.0
92/11/12,1671.0,12960.0,7.85,7.95,7.65,7.65,-0.30,288.0
92/11/13,643.0,4949.0,7.7,7.8,7.65,7.7,0.05,132.0
92/11/14,680.0,5313.0,7.7,7.9,7.7,7.85,0.15,146.0
92/11/17,970.0,7515.0,7.8,7.85,7.65,7.7,-0.15,183.0
92/11/18,949.0,7182.0,7.7,7.75,7.5,7.55,-0.15,175.0
92/11/19,999.0,7438.0,7.55,7.55,7.35,7.4,-0.15,154.0
92/11/20,742.0,5485.0,7.5,7.55,7.3,7.35,-0.05,135.0
92/11/21,983.0,7142.0,7.35,7.4,7.15,7.3,-0.05,150.0
92/11/24,291.0,2124.0,7.3,7.35,7.2,7.2,-0.10,75.0
92/11/25,745.0,5404.0,7.3,7.4,7.2,7.2,0.00,110.0
92/11/26,2105.0,15727.0,7.35,7.6,7.35,7.5,0.30,300.0
92/11/27,1834.0,13647.0,7.7,7.7,7.3,7.35,-0.15,293.0
92/11/28,988.0,7327.0,7.45,7.5,7.35,7.4,0.05,119.0
92/12/01,756.0,5611.0,7.4,7.5,7.35,7.4,0.00,105.0
92/12/02,1246.0,9450.0,7.45,7.65,7.45,7.6,0.20,213.0
92/12/03,852.0,6461.0,7.65,7.7,7.5,7.55,-0.05,154.0
92/12/04,600.0,4546.0,7.55,7.65,7.5,7.55,0.00,97.0
92/12/05,535.0,4041.0,7.6,7.6,7.5,7.5,-0.05,86.0
92/12/08,491.0,3697.0,7.5,7.6,7.5,7.55,0.05,90.0
92/12/09,711.0,5421.0,7.55,7.7,7.55,7.6,0.05,105.0
92/12/10,901.0,6917.0,7.6,7.75,7.6,7.75,0.15,164.0
92/12/11,758.0,5829.0,7.8,7.8,7.6,7.65,-0.10,162.0
92/12/12,469.0,3598.0,7.75,7.75,7.6,7.65,0.00,86.0
92/12/15,483.0,3703.0,7.65,7.75,7.6,7.6,-0.05,88.0
92/12/16,927.0,6976.0,7.6,7.65,7.45,7.5,-0.10,156.0
92/12/17,1115.0,8289.0,7.5,7.6,7.3,7.35,-0.15,131.0
92/12/18,522.0,3891.0,7.45,7.5,7.4,7.45,0.10,107.0
92/12/19,2854.0,22416.0,7.5,7.95,7.5,7.95,0.50,397.0
92/12/22,5380.0,45417.0,8.35,8.5,8.3,8.5,0.55,894.0
92/12/23,9480.0,82883.0,8.9,8.95,8.5,8.65,0.15,1500.0
92/12/24,6130.0,53900.0,8.65,9.15,8.4,8.6,-0.05,1076.0
92/12/25,3369.0,29607.0,8.65,9.0,8.65,8.65,0.05,704.0
92/12/26,7882.0,71224.0,8.85,9.25,8.65,9.2,0.55,1446.0
92/12/29,10709.0,103101.0,9.6,9.8,9.3,9.5,0.30,1912.0
92/12/30,4582.0,42251.0,9.6,9.6,9.05,9.3,-0.20,918.0
92/12/31,2703.0,24738.0,9.2,9.3,9.0,9.15,-0.15,627.0
93/01/02,4357.0,40552.0,9.2,9.5,9.15,9.25,0.10,898.0
93/01/05,4940.0,45852.0,9.3,9.5,9.2,9.2,-0.05,928.0
93/01/06,4485.0,42083.0,9.25,9.6,9.2,9.25,0.05,879.0
93/01/07,4477.0,41399.0,9.25,9.5,9.0,9.0,-0.25,797.0
93/01/08,3795.0,33814.0,9.05,9.15,8.65,9.0,0.00,734.0
93/01/09,2232.0,19741.0,9.1,9.1,8.7,8.7,-0.30,442.0
93/01/12,2324.0,20472.0,8.7,9.0,8.7,8.8,0.10,440.0
93/01/13,1319.0,11502.0,8.9,8.9,8.6,8.65,-0.15,291.0
93/01/14,2065.0,17701.0,8.65,8.7,8.45,8.55,-0.10,387.0
93/01/15,1646.0,14291.0,8.6,8.8,8.55,8.65,0.10,311.0
93/01/16,1335.0,11518.0,8.65,8.7,8.55,8.6,-0.05,254.0
93/01/27,1762.0,15371.0,8.65,8.85,8.6,8.75,0.15,322.0
93/01/28,2804.0,25379.0,8.75,9.25,8.7,9.2,0.45,572.0
93/01/29,2458.0,21978.0,9.15,9.15,8.7,8.75,-0.45,422.0
93/01/30,2004.0,17834.0,8.8,9.1,8.75,8.95,0.20,366.0
93/02/02,5405.0,49839.0,9.15,9.35,9.1,9.25,0.30,889.0
93/02/03,2294.0,20723.0,9.3,9.3,8.9,8.9,-0.35,436.0
93/02/04,2137.0,19407.0,9.0,9.2,8.95,9.0,0.10,373.0
93/02/05,2370.0,21750.0,9.1,9.3,9.0,9.1,0.10,455.0
93/02/06,3282.0,30331.0,9.4,9.4,9.1,9.25,0.15,542.0
93/02/09,5603.0,54024.0,9.5,9.85,9.35,9.85,0.60,1071.0
93/02/10,5231.0,54930.0,10.5,10.5,10.5,10.5,0.65,525.0
93/02/11,12570.0,136247.0,11.2,11.2,10.3,10.7,0.20,2090.0
93/02/12,8672.0,88801.0,10.5,10.7,10.0,10.3,-0.40,1228.0
93/02/13,3745.0,38620.0,10.45,10.5,10.1,10.4,0.10,601.0
93/02/16,13684.0,150626.0,10.6,11.1,10.4,11.1,0.70,1283.0
93/02/17,10098.0,111758.0,11.15,11.3,10.9,11.2,0.10,1195.0
93/02/18,6167.0,69903.0,11.2,11.65,11.0,11.3,0.10,1050.0
93/02/19,9799.0,116020.0,11.3,12.05,11.1,11.8,0.50,1358.0
93/02/20,5190.0,60959.0,11.9,12.1,11.4,11.65,-0.15,951.0
93/02/23,12174.0,147853.0,11.7,12.45,11.7,12.15,0.50,1496.0
93/02/24,6998.0,85676.0,12.45,12.5,12.0,12.15,0.00,1052.0
93/02/25,4534.0,54007.0,12.25,12.3,11.7,11.8,-0.35,855.0
93/02/26,5293.0,60973.0,12.0,12.05,11.0,11.0,-0.80,940.0
93/02/27,7052.0,82318.0,11.4,11.75,11.3,11.75,0.75,982.0
93/03/01,7665.0,95557.0,12.4,12.55,12.2,12.55,0.80,954.0
93/03/02,25256.0,334117.0,13.4,13.4,12.8,13.4,0.85,3230.0
93/03/03,16976.0,229849.0,13.4,14.2,12.95,14.2,0.80,2395.0
93/03/04,16839.0,237188.0,14.2,14.65,13.7,13.8,-0.40,2344.0
93/03/05,13872.0,198901.0,14.2,14.75,13.85,13.9,0.10,2227.0
93/03/08,6395.0,87018.0,13.9,14.1,13.25,13.25,-0.65,1169.0
93/03/09,9053.0,124453.0,13.3,14.15,13.25,14.15,0.90,1330.0
93/03/10,22513.0,332643.0,14.0,15.1,13.9,15.1,0.95,2743.0
93/03/11,16015.0,253385.0,15.5,16.1,15.1,16.1,1.00,1949.0
93/03/12,22492.0,374421.0,16.5,17.2,16.2,16.6,0.50,3499.0
93/03/15,14867.0,240757.0,16.8,17.2,15.5,15.5,-1.10,2595.0
93/03/16,8337.0,124439.0,15.1,15.8,14.6,14.6,-0.90,1391.0
93/03/17,7306.0,108228.0,14.7,15.3,14.45,14.6,0.00,1057.0
93/03/18,5481.0,84889.0,15.3,15.6,15.0,15.6,1.00,766.0
93/03/19,12675.0,204681.0,16.5,16.5,15.6,16.0,0.40,2476.0
93/03/22,151.0,2252.0,14.9,14.9,14.9,14.9,-1.10,44.0
93/03/23,11067.0,155396.0,13.9,14.8,13.9,13.95,-0.95,1731.0
93/03/24,6847.0,92246.0,14.1,14.4,13.0,13.1,-0.85,1255.0
93/03/25,5845.0,77312.0,13.2,13.6,12.8,13.0,-0.10,1071.0
93/03/26,4692.0,60220.0,13.0,13.3,12.5,12.5,-0.50,828.0
93/03/29,2036.0,27111.0,13.2,13.35,13.2,13.35,0.85,254.0
93/03/30,7969.0,111945.0,14.0,14.2,13.7,14.2,0.85,1343.0
93/03/31,5114.0,72618.0,14.4,14.4,14.0,14.1,-0.10,947.0
93/04/01,3676.0,51183.0,14.0,14.25,13.8,13.85,-0.25,727.0
93/04/02,8418.0,121295.0,13.85,14.8,13.85,14.8,0.95,1242.0
93/04/05,13816.0,217710.0,15.8,15.8,15.5,15.8,1.00,1864.0
93/04/06,13746.0,205184.0,14.7,15.5,14.7,14.8,-1.00,2365.0
93/04/07,4442.0,65516.0,14.8,15.0,14.45,14.75,-0.05,906.0
93/04/08,2701.0,39858.0,14.9,14.95,14.65,14.75,0.00,615.0
93/04/09,4787.0,69138.0,14.8,14.9,14.15,14.3,-0.45,942.0
93/04/12,8168.0,115028.0,14.3,14.55,13.95,14.1,-0.20,1569.0
93/04/13,6363.0,90893.0,14.1,14.6,14.0,14.05,-0.05,1290.0
93/04/14,5462.0,76013.0,14.25,14.3,13.6,13.8,-0.25,1154.0
93/04/15,3175.0,43413.0,13.8,14.0,13.5,13.5,-0.30,684.0
93/04/16,3084.0,41463.0,13.6,13.7,13.3,13.45,-0.05,666.0
93/04/19,6042.0,85606.0,13.7,14.35,13.6,14.35,0.90,982.0
93/04/20,14003.0,208005.0,15.0,15.0,14.6,14.75,0.40,2627.0
93/04/21,15833.0,244977.0,15.1,15.7,15.0,15.7,0.95,2810.0
93/04/22,11806.0,184196.0,15.7,16.1,15.1,15.3,-0.40,2289.0
93/04/23,17813.0,285912.0,15.6,16.3,15.6,16.3,1.00,2913.0
93/04/26,14755.0,241466.0,16.3,16.7,16.1,16.2,-0.10,2369.0
93/04/27,8354.0,132060.0,16.3,16.3,15.5,15.5,-0.70,1489.0
93/04/28,6099.0,92127.0,15.7,15.7,14.6,14.7,-0.80,1178.0
93/04/29,7293.0,102783.0,14.4,14.4,13.9,14.0,-0.70,1204.0
93/04/30,5896.0,77953.0,13.6,13.8,13.05,13.45,-0.55,1093.0
93/05/03,3609.0,47066.0,13.1,13.45,12.6,12.6,-0.85,692.0
93/05/04,3334.0,43700.0,12.7,13.45,12.7,13.45,0.85,692.0
93/05/05,4060.0,54345.0,13.6,13.8,12.85,12.9,-0.55,941.0
93/05/06,5492.0,75163.0,13.25,13.8,13.25,13.8,0.90,1078.0
93/05/07,5204.0,73028.0,13.7,14.5,13.6,14.5,0.70,1057.0
93/05/10,3019.0,42293.0,14.3,14.3,13.75,13.8,-0.70,673.0
93/05/11,3094.0,42048.0,13.6,14.0,13.0,13.5,-0.30,672.0
93/05/12,2081.0,28881.0,13.8,14.0,13.6,13.6,0.10,452.0
93/05/13,2698.0,37694.0,13.85,14.2,13.6,13.8,0.20,549.0
93/05/14,2859.0,38062.0,14.0,14.0,13.05,13.1,-0.70,666.0
93/05/17,3504.0,43514.0,12.75,13.0,12.2,12.2,-0.90,658.0
93/05/18,1461.0,18233.0,12.5,12.7,12.2,12.35,0.15,361.0
93/05/19,1996.0,26083.0,13.0,13.2,12.7,13.2,0.85,447.0
93/05/20,2146.0,28519.0,13.0,13.75,12.9,13.2,0.00,483.0
93/05/21,6622.0,92430.0,13.2,14.1,13.2,14.1,0.90,1230.0
93/05/24,4452.0,62335.0,13.9,14.2,13.7,13.8,-0.30,1008.0
93/05/25,2472.0,34260.0,14.05,14.1,13.6,13.65,-0.15,547.0
93/05/26,2553.0,35772.0,14.4,14.4,13.85,13.85,0.20,548.0
93/05/27,1583.0,22040.0,14.0,14.1,13.75,14.0,0.15,387.0
93/05/28,1572.0,21758.0,14.2,14.2,13.75,13.8,-0.20,421.0
93/05/31,1740.0,23981.0,13.85,13.95,13.5,13.5,-0.30,419.0
93/06/01,2214.0,29207.0,13.5,13.7,13.05,13.05,-0.45,493.0
93/06/02,1216.0,15974.0,13.05,13.4,13.0,13.1,0.05,315.0
93/06/03,1481.0,19559.0,13.5,13.5,13.0,13.0,-0.10,312.0
93/06/04,1163.0,15035.0,13.0,13.15,12.75,13.0,0.00,291.0
93/06/07,844.0,11282.0,13.5,13.5,13.2,13.3,0.30,241.0
93/06/08,2065.0,28097.0,13.4,13.95,13.2,13.65,0.35,573.0
93/06/09,1471.0,20194.0,13.65,13.9,13.55,13.7,0.05,299.0
93/06/10,1330.0,18160.0,13.5,13.85,13.5,13.65,-0.05,304.0
93/06/11,2503.0,34453.0,13.8,13.95,13.5,13.55,-0.10,570.0
93/06/14,1390.0,18454.0,13.8,13.8,13.0,13.0,-0.55,362.0
93/06/15,1509.0,19586.0,12.85,13.2,12.8,13.15,0.15,292.0
93/06/16,1226.0,15772.0,13.2,13.3,12.65,12.65,-0.50,322.0
93/06/17,1277.0,16328.0,12.65,13.1,12.6,12.8,0.15,313.0
93/06/18,1100.0,14159.0,12.7,13.2,12.7,12.8,0.00,270.0
93/06/21,1652.0,21564.0,13.1,13.4,12.85,12.9,0.10,382.0
93/06/23,1400.0,18352.0,13.0,13.3,12.85,13.3,0.40,357.0
93/06/24,1457.0,19180.0,13.3,13.3,13.0,13.25,-0.05,377.0
93/06/25,2221.0,29626.0,13.3,13.4,13.1,13.2,-0.05,458.0
93/06/28,1158.0,15187.0,13.2,13.25,13.05,13.15,-0.05,254.0
93/06/29,5250.0,71874.0,13.1,13.95,13.1,13.9,0.75,1019.0
93/06/30,4631.0,64249.0,14.05,14.05,13.7,13.9,0.00,964.0
93/07/01,7705.0,109547.0,14.0,14.45,13.75,14.0,0.10,1505.0
93/07/02,1952.0,26939.0,13.9,13.9,13.7,13.75,-0.25,476.0
93/07/05,1841.0,25336.0,13.8,13.9,13.65,13.8,0.05,495.0
93/07/06,1581.0,21581.0,13.8,13.9,13.5,13.6,-0.20,396.0
93/07/07,1335.0,18239.0,13.5,13.8,13.45,13.75,0.15,344.0
93/07/08,3999.0,56299.0,13.8,14.3,13.8,14.1,0.35,739.0
93/07/09,1745.0,24483.0,14.2,14.2,13.85,14.1,0.00,442.0
93/07/12,5183.0,74735.0,14.3,14.6,14.2,14.4,0.30,1020.0
93/07/13,2028.0,28933.0,14.45,14.45,14.15,14.2,-0.20,554.0
93/07/14,1723.0,24231.0,14.1,14.3,14.0,14.1,-0.10,415.0
93/07/15,1573.0,21864.0,14.0,14.1,13.8,13.85,-0.25,329.0
93/07/16,775.0,10733.0,13.8,13.95,13.8,13.8,-0.05,260.0
93/07/19,867.0,12014.0,13.85,14.0,13.7,13.9,0.10,210.0
93/07/20,3073.0,41726.0,13.9,13.95,13.2,13.2,-0.70,544.0
93/07/21,1253.0,16780.0,13.3,13.5,13.3,13.45,0.25,239.0
93/07/22,1093.0,14564.0,13.2,13.45,13.2,13.45,0.00,194.0
93/07/23,957.0,12801.0,13.5,13.5,13.25,13.25,-0.20,205.0
93/07/26,747.0,9810.0,13.1,13.3,13.1,13.2,-0.05,136.0
93/07/27,526.0,6980.0,13.3,13.4,13.15,13.3,0.10,140.0
93/07/28,1585.0,21626.0,13.45,13.75,13.35,13.55,0.25,339.0
93/07/29,571.0,7752.0,13.55,13.65,13.5,13.55,0.00,157.0
93/07/30,818.0,11117.0,13.55,13.75,13.55,13.55,0.00,199.0
93/08/02,534.0,7214.0,13.55,13.65,13.4,13.4,-0.15,141.0
93/08/03,416.0,5583.0,13.45,13.55,13.3,13.35,-0.05,121.0
93/08/04,1240.0,16281.0,13.35,13.35,13.0,13.0,-0.35,232.0
93/08/05,1006.0,13074.0,13.0,13.15,12.85,13.1,0.10,210.0
93/08/06,466.0,6143.0,13.1,13.3,13.1,13.2,0.10,150.0
93/08/09,1244.0,16537.0,13.1,13.5,13.05,13.3,0.10,214.0
93/08/10,358.0,4724.0,13.3,13.35,13.15,13.15,-0.15,125.0
93/08/11,266.0,3508.0,13.2,13.25,13.15,13.2,0.05,97.0
93/08/12,350.0,4624.0,13.2,13.3,13.15,13.2,0.00,98.0
93/08/13,400.0,5271.0,13.2,13.3,13.15,13.15,-0.05,111.0
93/08/16,431.0,5667.0,13.2,13.2,13.1,13.15,0.00,75.0
93/08/17,481.0,6328.0,13.2,13.3,13.1,13.1,-0.05,87.0
93/08/18,1047.0,13579.0,13.2,13.2,12.85,13.0,-0.10,227.0
93/08/19,2016.0,26815.0,13.3,13.45,13.05,13.45,0.45,372.0
93/08/20,1469.0,19666.0,13.45,13.55,13.2,13.4,-0.05,355.0
93/08/23,5447.0,77298.0,13.5,14.3,13.5,14.3,0.90,731.0
93/08/26,10172.0,150640.0,14.7,15.2,14.5,14.9,0.60,1626.0
93/08/27,2949.0,43371.0,14.9,14.9,14.55,14.85,-0.05,727.0
93/08/30,5908.0,89675.0,15.1,15.4,15.0,15.3,0.45,1217.0
93/08/31,6120.0,93598.0,15.2,15.9,14.9,15.1,-0.20,1317.0
93/09/01,2904.0,44352.0,15.2,15.4,15.1,15.3,0.20,699.0
93/09/02,7895.0,124948.0,15.4,16.1,15.4,15.9,0.60,1431.0
93/09/03,7083.0,111607.0,15.7,16.3,15.3,15.3,-0.60,1410.0
93/09/06,5550.0,87180.0,15.5,16.0,15.4,15.7,0.40,1183.0
93/09/07,3476.0,54968.0,15.8,16.0,15.6,16.0,0.30,821.0
93/09/08,4055.0,64677.0,16.1,16.2,15.7,15.8,-0.20,885.0
93/09/09,3240.0,51345.0,15.8,16.0,15.6,16.0,0.20,648.0
93/09/10,5986.0,97291.0,16.0,16.5,15.9,16.4,0.40,1297.0
93/09/13,12307.0,210525.0,17.1,17.5,16.6,17.5,1.10,2195.0
93/09/14,14348.0,253635.0,17.7,18.2,16.9,17.0,-0.50,2802.0
93/09/15,5676.0,96485.0,16.6,17.4,16.6,17.1,0.10,1334.0
93/09/16,3177.0,53811.0,16.9,17.1,16.7,17.1,0.00,681.0
93/09/17,4700.0,79986.0,17.1,17.4,16.8,16.9,-0.20,843.0
93/09/20,12227.0,216830.0,17.1,18.0,17.1,17.9,1.00,1902.0
93/09/21,5849.0,103655.0,18.0,18.0,17.6,17.6,-0.30,1252.0
93/09/22,5341.0,94942.0,17.7,18.1,17.5,17.7,0.10,1074.0
93/09/23,7206.0,124982.0,17.7,17.8,17.0,17.2,-0.50,1413.0
93/09/24,6425.0,112106.0,17.2,17.8,17.1,17.6,0.40,1359.0
93/09/27,9354.0,167726.0,17.7,18.2,17.5,18.0,0.40,1971.0
93/09/29,9688.0,166601.0,18.0,18.0,16.8,16.9,-1.10,1972.0
93/09/30,7610.0,130254.0,17.1,17.4,16.8,17.4,0.50,882.0
93/10/01,5305.0,93128.0,17.3,17.8,17.3,17.8,0.40,1011.0
93/10/04,8603.0,153528.0,18.0,18.2,17.5,17.6,-0.20,1634.0
93/10/05,5358.0,96243.0,17.8,18.1,17.7,17.9,0.30,1021.0
93/10/06,17125.0,322325.0,18.1,19.1,18.1,18.4,0.50,2911.0
93/10/07,9520.0,178323.0,18.6,19.3,18.4,19.3,0.90,1421.0
93/10/08,5796.0,110819.0,18.9,19.3,18.9,19.3,0.00,1173.0
93/10/11,9090.0,178519.0,19.3,20.1,19.1,20.0,0.70,1944.0
93/10/12,6986.0,137100.0,20.2,20.2,19.3,19.3,-0.70,1723.0
93/10/13,5724.0,109613.0,19.2,19.5,18.9,19.1,-0.20,1000.0
93/10/14,8179.0,147002.0,18.5,18.5,17.8,17.8,-1.30,1272.0
93/10/15,6645.0,114626.0,17.2,17.6,17.0,17.5,-0.30,1344.0
93/10/18,5396.0,96028.0,17.7,18.2,17.5,17.7,0.20,1052.0
93/10/19,3530.0,61896.0,18.0,18.0,17.2,17.3,-0.40,736.0
93/10/20,5202.0,93186.0,17.2,18.2,17.2,18.1,0.80,1201.0
93/10/21,6794.0,126063.0,18.4,18.8,18.1,18.4,0.30,1336.0
93/10/22,6925.0,122447.0,18.2,18.4,17.2,17.6,-0.80,1336.0
93/10/26,4657.0,83588.0,17.6,18.2,17.6,18.1,0.50,1005.0
93/10/27,2818.0,50434.0,18.3,18.3,17.6,18.0,-0.10,670.0
93/10/28,4393.0,80145.0,18.2,18.5,18.0,18.2,0.20,932.0
93/10/29,7898.0,136546.0,17.5,17.8,17.0,17.3,-0.90,1431.0
93/11/01,1948.0,34053.0,17.5,17.7,17.3,17.3,0.00,551.0
93/11/02,1206.0,21111.0,17.5,17.6,17.3,17.6,0.30,327.0
93/11/03,1613.0,28216.0,17.6,17.8,17.3,17.5,-0.10,432.0
93/11/04,2701.0,47550.0,17.7,17.8,17.5,17.5,0.00,523.0
93/11/05,2009.0,35695.0,17.9,17.9,17.5,17.6,0.10,512.0
93/11/08,2278.0,40985.0,17.9,18.2,17.6,18.0,0.40,618.0
93/11/09,1449.0,26129.0,18.3,18.3,17.8,18.0,0.00,359.0
93/11/10,1365.0,24509.0,18.2,18.3,17.8,18.0,0.00,323.0
93/11/11,930.0,16627.0,18.0,18.1,17.8,17.8,-0.20,270.0
93/11/12,1670.0,29656.0,17.7,18.0,17.5,17.5,-0.30,388.0
93/11/15,1544.0,27215.0,17.6,17.9,17.4,17.4,-0.10,412.0
93/11/16,1607.0,27774.0,17.6,17.6,17.1,17.2,-0.20,404.0
93/11/17,2871.0,49378.0,17.1,17.5,16.8,17.1,-0.10,582.0
93/11/18,2230.0,39107.0,17.3,17.7,17.3,17.6,0.50,487.0
93/11/19,1066.0,18768.0,17.8,17.8,17.5,17.5,-0.10,263.0
93/11/22,1172.0,20572.0,17.5,17.7,17.4,17.4,-0.10,308.0
93/11/23,946.0,16378.0,17.3,17.5,17.2,17.3,-0.10,238.0
93/11/24,5732.0,103402.0,17.5,18.3,17.4,18.2,0.90,1237.0
93/11/25,3406.0,61323.0,18.3,18.3,17.8,18.0,-0.20,594.0
93/11/26,3345.0,60372.0,18.2,18.3,17.8,17.9,-0.10,797.0
93/11/29,2564.0,46154.0,18.0,18.2,17.7,18.1,0.20,469.0
93/11/30,4580.0,83795.0,18.0,18.5,17.9,18.3,0.20,758.0
93/12/01,6429.0,120375.0,18.2,19.0,18.2,18.8,0.50,1176.0
93/12/02,3835.0,71909.0,19.0,19.1,18.5,18.7,-0.10,736.0
93/12/03,4797.0,88441.0,18.7,18.7,18.3,18.4,-0.30,640.0
93/12/06,4566.0,85344.0,18.3,18.8,18.3,18.7,0.30,764.0
93/12/07,2819.0,52122.0,18.7,18.7,18.4,18.5,-0.20,480.0
93/12/08,1894.0,34709.0,18.3,18.5,18.2,18.4,-0.10,425.0
93/12/09,1487.0,27406.0,18.3,18.6,18.3,18.4,0.00,315.0
93/12/10,1095.0,20104.0,18.4,18.5,18.3,18.5,0.10,277.0
93/12/13,3059.0,56393.0,18.3,18.9,18.1,18.2,-0.30,615.0
93/12/14,737.0,13551.0,18.3,18.5,18.3,18.4,0.20,213.0
93/12/15,8646.0,161667.0,18.5,18.9,18.3,18.7,0.30,1193.0
93/12/16,4456.0,83223.0,18.7,18.9,18.5,18.6,-0.10,778.0
93/12/17,7250.0,137113.0,18.7,19.3,18.5,19.3,0.70,1255.0
93/12/20,4925.0,93635.0,18.9,19.2,18.8,19.0,-0.30,933.0
93/12/21,9887.0,192818.0,19.1,19.8,19.0,19.5,0.50,1596.0
93/12/22,7076.0,137980.0,19.6,19.7,19.3,19.4,-0.10,1011.0
93/12/23,3965.0,76714.0,19.5,19.6,19.2,19.2,-0.20,597.0
93/12/24,2979.0,57441.0,19.3,19.4,19.1,19.3,0.10,508.0
93/12/27,5010.0,97625.0,19.4,19.6,19.3,19.5,0.20,834.0
93/12/28,3486.0,67259.0,19.5,19.5,19.1,19.3,-0.20,591.0
93/12/29,7699.0,149763.0,19.2,19.6,19.2,19.4,0.10,1060.0
93/12/30,3058.0,59347.0,19.5,19.6,19.3,19.4,0.00,553.0
93/12/31,13313.0,248041.0,19.2,19.2,18.3,18.6,-0.80,2053.0
94/01/03,3430.0,64310.0,18.6,18.9,18.6,18.8,0.20,740.0
94/01/04,2510.0,46913.0,18.7,18.8,18.6,18.6,-0.20,430.0
94/01/05,1711.0,31851.0,18.6,18.8,18.5,18.5,-0.10,334.0
94/01/06,803.0,14883.0,18.5,18.6,18.5,18.5,0.00,230.0
94/01/07,2208.0,40888.0,18.7,18.8,18.4,18.4,-0.10,309.0
94/01/10,1529.0,28042.0,18.5,18.5,18.2,18.2,-0.20,273.0
94/01/11,1963.0,35797.0,18.2,18.4,18.1,18.4,0.20,505.0
94/01/12,3221.0,57778.0,18.3,18.3,17.6,17.8,-0.60,509.0
94/01/13,3060.0,54361.0,17.9,18.1,17.5,17.8,0.00,541.0
94/01/14,1292.0,23260.0,17.6,18.1,17.6,18.1,0.30,306.0
94/01/17,1276.0,23106.0,18.2,18.3,17.9,17.9,-0.20,272.0
94/01/18,588.0,10577.0,18.0,18.1,17.9,18.0,0.10,165.0
94/01/19,1554.0,27584.0,18.1,18.1,17.6,17.8,-0.20,343.0
94/01/20,1628.0,28525.0,17.5,17.7,17.4,17.4,-0.40,343.0
94/01/21,7727.0,129105.0,17.5,17.5,16.2,16.5,-0.90,1443.0
94/01/24,4682.0,74355.0,16.5,16.5,15.6,15.7,-0.80,959.0
94/01/25,1743.0,27603.0,15.6,16.0,15.6,15.8,0.10,436.0
94/01/26,1830.0,29703.0,15.9,16.5,15.9,16.2,0.40,427.0
94/01/27,775.0,12625.0,16.3,16.4,16.2,16.3,0.10,209.0
94/01/28,1793.0,29969.0,16.3,17.0,16.3,16.9,0.60,530.0
94/01/31,3136.0,53201.0,17.0,17.1,16.8,17.0,0.10,583.0
94/02/01,7342.0,126613.0,17.2,17.5,17.0,17.2,0.20,1039.0
94/02/02,3367.0,57683.0,17.3,17.4,17.0,17.0,-0.20,561.0
94/02/03,2406.0,41384.0,17.1,17.4,17.0,17.3,0.30,511.0
94/02/14,3157.0,55552.0,17.8,17.8,17.3,17.6,0.30,585.0
94/02/15,1928.0,34075.0,17.8,17.8,17.6,17.6,0.00,378.0
94/02/16,2751.0,48114.0,17.7,17.8,17.4,17.5,-0.10,503.0
94/02/17,2704.0,46640.0,17.5,17.5,17.1,17.1,-0.40,611.0
94/02/18,2467.0,42077.0,17.1,17.2,16.9,17.1,0.00,599.0
94/02/21,7681.0,138120.0,17.3,18.2,17.3,18.2,1.10,1385.0
94/02/22,14838.0,279263.0,18.8,19.3,18.5,18.7,0.50,2436.0
94/02/23,4169.0,76511.0,18.4,18.6,18.1,18.5,-0.20,894.0
94/02/24,7022.0,130783.0,18.6,19.0,18.3,18.8,0.30,1247.0
94/02/25,5459.0,102859.0,19.0,19.0,18.7,18.8,0.00,1093.0
94/03/01,6310.0,119905.0,18.9,19.1,18.8,19.1,0.30,1087.0
94/03/02,6279.0,120134.0,19.2,19.4,18.9,19.15,0.05,1108.0
94/03/03,3186.0,59933.0,19.0,19.05,18.65,18.7,-0.45,627.0
94/03/04,3556.0,67103.0,19.0,19.05,18.7,18.7,0.00,625.0
94/03/07,11344.0,220399.0,18.8,19.9,18.7,19.5,0.80,1812.0
94/03/08,8408.0,160333.0,19.4,19.4,18.75,18.85,-0.65,1324.0
94/03/09,6088.0,113422.0,18.8,18.85,18.45,18.6,-0.25,1102.0
94/03/10,2297.0,42484.0,18.5,18.6,18.35,18.55,-0.05,596.0
94/03/11,3484.0,64257.0,18.5,18.6,18.3,18.3,-0.25,548.0
94/03/14,2629.0,48604.0,18.3,18.6,18.3,18.55,0.25,558.0
94/03/15,2881.0,52844.0,18.6,18.6,18.1,18.2,-0.35,703.0
94/03/16,2352.0,42245.0,18.05,18.25,17.8,17.9,-0.30,490.0
94/03/17,2322.0,42272.0,17.9,18.4,17.9,18.2,0.30,485.0
94/03/18,1443.0,26168.0,18.0,18.3,18.0,18.05,-0.15,297.0
94/03/21,1569.0,28514.0,18.3,18.3,18.05,18.05,0.00,386.0
94/03/22,1624.0,29222.0,18.1,18.2,17.9,17.9,-0.15,321.0
94/03/23,1136.0,20466.0,17.9,18.1,17.9,18.05,0.15,209.0
94/03/24,1596.0,28546.0,18.05,18.15,17.5,17.95,-0.10,438.0
94/03/25,960.0,17155.0,17.95,18.05,17.8,17.9,-0.05,244.0
94/03/28,1059.0,19059.0,17.9,18.1,17.9,18.0,0.10,274.0
94/03/29,1433.0,25358.0,18.0,18.0,17.5,17.8,-0.20,409.0
94/03/30,1329.0,23244.0,17.7,17.7,17.3,17.5,-0.30,351.0
94/03/31,2103.0,36971.0,17.6,17.7,17.4,17.4,-0.10,353.0
94/04/01,1447.0,24918.0,17.4,17.5,17.0,17.3,-0.10,321.0
94/04/04,1210.0,20880.0,17.2,17.3,17.2,17.3,0.00,292.0
94/04/06,1260.0,21878.0,17.5,17.55,17.25,17.3,0.00,237.0
94/04/07,1030.0,17847.0,17.4,17.5,17.25,17.4,0.10,195.0
94/04/08,3257.0,57950.0,17.5,18.1,17.4,18.1,0.70,577.0
94/04/11,1661.0,29962.0,18.1,18.15,17.85,18.15,0.05,375.0
94/04/12,784.0,14082.0,18.15,18.15,17.85,17.9,-0.25,238.0
94/04/13,556.0,9974.0,17.9,18.0,17.85,17.9,0.00,145.0
94/04/14,659.0,11813.0,17.8,18.1,17.7,17.85,-0.05,185.0
94/04/15,5828.0,99497.0,17.8,17.8,16.65,17.5,-0.35,1008.0
94/04/18,1546.0,26247.0,17.2,17.2,16.8,16.95,-0.55,388.0
94/04/19,1101.0,18851.0,17.0,17.3,17.0,17.05,0.10,246.0
94/04/20,635.0,10782.0,17.2,17.2,16.8,16.8,-0.25,190.0
94/04/21,1588.0,26665.0,16.8,17.1,16.65,17.1,0.30,281.0
94/04/22,1191.0,20264.0,17.4,17.4,16.8,16.85,-0.25,262.0
94/04/25,836.0,14172.0,16.85,17.1,16.75,17.0,0.15,198.0
94/04/26,2086.0,36199.0,17.1,17.5,17.1,17.35,0.35,424.0
94/04/27,1788.0,31106.0,17.45,17.55,17.2,17.35,0.00,261.0
94/04/28,1323.0,22894.0,17.35,17.45,17.2,17.2,-0.15,161.0
94/04/29,831.0,14252.0,17.2,17.35,17.0,17.1,-0.10,282.0
94/05/03,1159.0,19777.0,17.0,17.25,16.95,17.1,0.00,213.0
94/05/04,1063.0,17883.0,17.1,17.1,16.7,16.75,-0.35,337.0
94/05/05,1681.0,28412.0,16.75,17.05,16.75,17.0,0.25,314.0
94/05/06,1452.0,24508.0,17.05,17.05,16.75,17.0,0.00,295.0
94/05/09,1574.0,26154.0,17.0,17.0,16.45,16.6,-0.40,394.0
94/05/10,1397.0,22977.0,16.75,16.75,16.25,16.4,-0.20,276.0
94/05/11,1326.0,21324.0,16.0,16.4,15.95,16.4,0.00,338.0
94/05/12,545.0,8808.0,16.3,16.3,16.1,16.2,-0.20,145.0
94/05/13,1666.0,27186.0,16.2,16.5,16.1,16.45,0.25,267.0
94/05/16,1152.0,18897.0,16.5,16.6,16.25,16.6,0.15,214.0
94/05/17,2176.0,35962.0,16.6,16.6,16.4,16.4,-0.20,260.0
94/05/18,725.0,11818.0,16.5,16.5,16.15,16.2,-0.20,164.0
94/05/19,2732.0,43133.0,16.2,16.35,15.45,15.7,-0.50,571.0
94/05/20,1192.0,18767.0,15.8,15.9,15.65,15.7,0.00,227.0
94/05/23,314.0,4924.0,15.7,15.8,15.55,15.55,-0.15,120.0
94/05/24,319.0,4979.0,15.55,15.7,15.55,15.6,0.05,97.0
94/05/25,4151.0,68808.0,16.4,16.65,16.05,16.5,0.90,851.0
94/05/26,1622.0,26140.0,16.3,16.3,15.95,16.0,-0.50,405.0
94/05/27,1660.0,26269.0,16.0,16.1,15.7,15.8,-0.20,315.0
94/05/30,2093.0,33726.0,16.0,16.3,15.9,16.3,0.50,475.0
94/05/31,871.0,14068.0,16.3,16.3,16.05,16.05,-0.25,207.0
94/06/01,1293.0,20696.0,16.15,16.15,15.9,16.0,-0.05,285.0
94/06/02,2448.0,40297.0,16.1,16.7,16.0,16.6,0.60,535.0
94/06/03,1596.0,26498.0,16.6,16.7,16.4,16.55,-0.05,370.0
94/06/06,5522.0,94519.0,16.55,17.4,16.55,17.35,0.80,930.0
94/06/07,3883.0,67382.0,17.7,17.75,16.95,17.25,-0.10,625.0
94/06/08,3034.0,51327.0,17.25,17.25,16.8,16.8,-0.45,513.0
94/06/09,2474.0,41168.0,16.8,16.8,16.55,16.75,-0.05,401.0
94/06/10,1149.0,19194.0,16.7,16.9,16.6,16.7,-0.05,200.0
94/06/13,1832.0,30815.0,16.7,17.0,16.5,16.95,0.25,445.0
94/06/14,3235.0,55283.0,16.95,17.25,16.8,17.15,0.20,548.0
94/06/15,2717.0,46835.0,17.2,17.35,17.15,17.15,0.00,529.0
94/06/16,1386.0,23656.0,17.25,17.25,16.95,16.95,-0.20,338.0
94/06/17,2098.0,35962.0,17.0,17.35,17.0,17.0,0.05,437.0
94/06/20,5586.0,97440.0,17.3,17.7,17.1,17.6,0.60,1009.0
94/06/21,16286.0,298844.0,17.95,18.7,17.95,18.5,0.90,2701.0
94/06/22,6684.0,120013.0,17.8,18.2,17.8,17.9,-0.60,1194.0
94/06/23,4782.0,84073.0,17.9,17.9,17.4,17.4,-0.50,958.0
94/06/24,2827.0,49321.0,17.3,17.65,17.3,17.55,0.15,566.0
94/06/27,1709.0,29793.0,17.5,17.6,17.35,17.5,-0.05,391.0
94/06/28,2974.0,51249.0,17.5,17.5,17.1,17.2,-0.30,566.0
94/06/29,3815.0,64975.0,17.2,17.25,16.8,16.9,-0.30,753.0
94/06/30,3893.0,65114.0,16.9,17.0,16.6,16.6,-0.30,1027.0
94/07/01,2654.0,44629.0,16.6,17.05,16.5,16.9,0.30,436.0
94/07/04,1958.0,33185.0,16.95,17.1,16.85,16.85,-0.05,293.0
94/07/05,2289.0,38837.0,16.9,17.05,16.9,16.9,0.05,316.0
94/07/06,2403.0,40556.0,16.9,16.95,16.8,16.8,-0.10,359.0
94/07/07,2065.0,34971.0,16.9,17.1,16.8,16.95,0.15,284.0
94/07/08,1101.0,18595.0,16.95,16.95,16.8,16.85,-0.10,220.0
94/07/11,1870.0,31457.0,16.9,16.9,16.75,16.8,-0.05,337.0
94/07/12,1391.0,23512.0,16.8,17.0,16.8,16.85,0.05,301.0
94/07/13,5065.0,87204.0,17.1,17.4,17.1,17.15,0.30,790.0
94/07/14,2413.0,41365.0,17.2,17.25,17.05,17.15,0.00,443.0
94/07/15,3087.0,52892.0,17.2,17.2,17.1,17.15,0.00,459.0
94/07/19,6892.0,118422.0,17.3,17.35,17.05,17.1,-0.05,1044.0
94/07/20,4784.0,79281.0,16.5,16.7,16.45,16.6,0.30,831.0
94/07/21,1996.0,32984.0,16.7,16.7,16.45,16.5,-0.10,420.0
94/07/22,2255.0,37531.0,16.6,16.75,16.55,16.65,0.15,357.0
94/07/25,2320.0,39012.0,16.8,16.9,16.7,16.85,0.20,416.0
94/07/26,2247.0,37648.0,16.9,16.9,16.65,16.65,-0.20,361.0
94/07/27,2724.0,45052.0,16.7,16.8,16.4,16.4,-0.25,500.0
94/07/28,3599.0,58034.0,16.4,16.45,16.0,16.0,-0.40,820.0
94/07/29,2144.0,34442.0,15.95,16.2,15.9,16.15,0.15,398.0
94/08/01,1583.0,25399.0,16.15,16.2,16.0,16.05,-0.10,219.0
94/08/02,4253.0,69265.0,16.05,16.7,16.0,16.7,0.65,759.0
94/08/03,7369.0,123328.0,16.75,16.85,16.6,16.8,0.10,1252.0
94/08/04,9239.0,158338.0,16.85,17.35,16.75,17.1,0.30,1757.0
94/08/08,6276.0,109122.0,17.4,17.6,17.15,17.35,0.25,1198.0
94/08/09,3416.0,59109.0,17.5,17.55,17.15,17.3,-0.05,629.0
94/08/10,2987.0,51300.0,17.4,17.4,17.1,17.1,-0.20,478.0
94/08/11,3565.0,61918.0,17.2,17.45,17.2,17.35,0.25,750.0
94/08/12,17836.0,325245.0,17.6,18.55,17.6,18.1,0.75,2912.0
94/08/15,20055.0,375119.0,18.8,18.95,18.3,18.6,0.50,3091.0
94/08/16,19850.0,375680.0,19.0,19.3,18.4,18.4,-0.20,2849.0
94/08/17,7661.0,143013.0,18.4,18.9,18.3,18.8,0.40,1354.0
94/08/18,5736.0,107480.0,18.8,19.0,18.5,18.55,-0.25,1099.0
94/08/19,5509.0,101046.0,18.55,18.6,18.15,18.2,-0.35,950.0
94/08/22,5333.0,98616.0,18.4,18.6,18.35,18.6,0.40,792.0
94/08/23,10166.0,193971.0,18.8,19.3,18.8,18.95,0.35,2006.0
94/08/24,7743.0,145858.0,19.0,19.15,18.6,18.95,0.00,1619.0
94/08/25,4142.0,78335.0,18.9,19.15,18.75,18.8,-0.15,814.0
94/08/26,4826.0,90208.0,18.9,19.0,18.55,18.55,-0.25,936.0
94/08/29,10980.0,208232.0,18.55,19.2,18.55,18.95,0.40,1941.0
94/08/30,13523.0,261334.0,19.05,19.7,18.8,19.55,0.60,2642.0
94/08/31,12895.0,248386.0,19.65,19.7,18.6,18.9,-0.65,2339.0
94/09/02,14733.0,288002.0,19.1,19.85,19.05,19.6,0.70,2468.0
94/09/05,12663.0,252669.0,19.85,20.2,19.65,19.9,0.30,2590.0
94/09/06,7837.0,154205.0,20.1,20.1,19.5,19.7,-0.20,1631.0
94/09/07,4833.0,94048.0,19.7,19.7,19.35,19.55,-0.15,1147.0
94/09/08,7399.0,145766.0,19.6,19.95,19.5,19.5,-0.05,1522.0
94/09/09,3687.0,71263.0,19.5,19.6,19.2,19.25,-0.25,966.0
94/09/12,8256.0,159307.0,19.45,19.65,19.0,19.55,0.30,1762.0
94/09/13,11788.0,235086.0,19.7,20.15,19.65,19.8,0.25,2535.0
94/09/14,3322.0,65637.0,19.8,20.0,19.6,19.7,-0.10,795.0
94/09/15,3952.0,77166.0,19.75,19.8,19.4,19.6,-0.10,859.0
94/09/16,3693.0,71693.0,19.7,19.7,19.2,19.35,-0.25,745.0
94/09/19,4697.0,91481.0,19.45,19.65,19.2,19.3,-0.05,992.0
94/09/20,5369.0,104100.0,19.3,19.55,19.15,19.5,0.20,805.0
94/09/21,3143.0,61178.0,19.5,19.6,19.3,19.3,-0.20,650.0
94/09/22,3302.0,63713.0,19.25,19.45,19.2,19.25,-0.05,676.0
94/09/23,5118.0,96287.0,19.25,19.3,18.6,18.65,-0.60,1251.0
94/09/26,3082.0,56914.0,18.7,18.85,18.15,18.35,-0.30,924.0
94/09/27,1877.0,34596.0,18.45,18.6,18.25,18.25,-0.10,660.0
94/09/28,6814.0,121753.0,18.2,18.4,17.65,17.65,-0.60,1519.0
94/09/29,5944.0,103791.0,17.6,18.0,17.1,18.0,0.35,1192.0
94/09/30,3495.0,63317.0,18.0,18.3,18.0,18.15,0.15,844.0
94/10/03,3312.0,60685.0,18.3,18.5,18.15,18.45,0.30,781.0
94/10/04,2124.0,38778.0,18.45,18.45,18.15,18.3,-0.15,538.0
94/10/05,3437.0,62245.0,18.3,18.3,18.0,18.1,-0.20,714.0
94/10/06,3729.0,66988.0,18.0,18.15,17.85,17.85,-0.25,699.0
94/10/07,2816.0,50158.0,17.8,17.95,17.7,17.8,-0.05,592.0
94/10/11,1379.0,24666.0,17.85,18.0,17.8,17.85,0.05,355.0
94/10/12,1616.0,28951.0,17.85,18.0,17.8,18.0,0.15,418.0
94/10/13,3577.0,65131.0,18.0,18.3,18.0,18.3,0.30,868.0
94/10/14,3256.0,60449.0,18.4,18.75,18.35,18.6,0.30,895.0
94/10/17,3580.0,65459.0,18.7,18.7,18.0,18.0,-0.60,803.0
94/10/18,1153.0,20846.0,18.0,18.25,17.95,18.0,0.00,368.0
94/10/19,2139.0,38280.0,18.0,18.0,17.75,17.9,-0.10,488.0
94/10/20,5034.0,89150.0,18.0,18.1,17.3,17.6,-0.30,977.0
94/10/21,1852.0,32347.0,17.5,17.6,17.35,17.4,-0.20,486.0
94/10/24,1439.0,25113.0,17.4,17.5,17.4,17.5,0.10,329.0
94/10/25,2202.0,39236.0,17.8,17.9,17.7,17.7,0.20,553.0
94/10/26,6136.0,110894.0,18.0,18.4,17.85,18.0,0.30,1264.0
94/10/27,2481.0,44691.0,18.1,18.2,17.8,17.9,-0.10,643.0
94/10/28,1742.0,31316.0,17.85,18.2,17.8,18.2,0.30,504.0
94/10/31,4698.0,86575.0,18.35,18.55,18.25,18.55,0.35,965.0
94/11/01,2825.0,52354.0,18.55,18.65,18.35,18.45,-0.10,774.0
94/11/02,2039.0,37452.0,18.55,18.55,18.25,18.4,-0.05,502.0
94/11/03,1721.0,31451.0,18.45,18.5,18.15,18.25,-0.15,450.0
94/11/04,2892.0,52472.0,18.3,18.4,17.95,18.05,-0.20,669.0
94/11/07,1649.0,29927.0,18.05,18.25,18.05,18.1,0.05,391.0
94/11/08,1412.0,25456.0,18.1,18.15,17.9,18.0,-0.10,333.0
94/11/09,2234.0,40353.0,18.0,18.2,17.95,18.0,0.00,473.0
94/11/10,2944.0,53793.0,18.1,18.45,18.0,18.2,0.20,665.0
94/11/11,4753.0,87975.0,18.45,18.6,18.35,18.6,0.40,1051.0
94/11/14,2103.0,38775.0,18.6,18.6,18.35,18.35,-0.25,522.0
94/11/15,1495.0,27439.0,18.35,18.45,18.25,18.3,-0.05,349.0
94/11/16,1567.0,28616.0,18.4,18.45,18.2,18.2,-0.10,340.0
94/11/17,1982.0,35830.0,18.2,18.3,18.0,18.05,-0.15,425.0
94/11/18,3062.0,55532.0,18.1,18.25,18.05,18.05,0.00,581.0
94/11/21,2516.0,46010.0,18.3,18.4,18.2,18.3,0.25,583.0
94/11/22,1500.0,27312.0,18.35,18.35,18.1,18.1,-0.20,350.0
94/11/23,3028.0,55601.0,18.15,18.55,18.1,18.2,0.10,645.0
94/11/24,1366.0,24990.0,18.2,18.4,18.2,18.25,0.05,342.0
94/11/25,1874.0,34381.0,18.4,18.45,18.25,18.3,0.05,504.0
94/11/28,2034.0,37136.0,18.3,18.4,18.2,18.2,-0.10,465.0
94/11/29,3207.0,58008.0,18.15,18.2,18.0,18.1,-0.10,633.0
94/11/30,3616.0,66034.0,18.2,18.4,18.15,18.15,0.05,815.0
94/12/01,2469.0,44740.0,18.25,18.25,18.05,18.1,-0.05,522.0
94/12/02,3525.0,63277.0,18.1,18.15,17.8,17.85,-0.25,795.0
94/12/05,4441.0,78794.0,18.0,18.05,17.55,17.75,-0.10,1021.0
94/12/06,3677.0,66348.0,17.95,18.15,17.95,18.05,0.30,735.0
94/12/07,1834.0,33301.0,18.2,18.25,18.1,18.15,0.10,480.0
94/12/08,1608.0,29130.0,18.15,18.2,18.05,18.1,-0.05,342.0
94/12/09,12115.0,228165.0,18.2,19.15,18.2,19.0,0.90,2728.0
94/12/12,9733.0,188743.0,19.3,19.6,19.2,19.3,0.30,2166.0
94/12/13,4433.0,84932.0,19.3,19.3,19.0,19.2,-0.10,1088.0
94/12/14,3449.0,66493.0,19.2,19.4,19.1,19.2,0.00,822.0
94/12/15,1846.0,35375.0,19.2,19.3,19.1,19.15,-0.05,490.0
94/12/16,3705.0,71287.0,19.2,19.35,19.15,19.2,0.05,731.0
94/12/19,11391.0,226297.0,19.4,20.3,19.25,20.3,1.10,2568.0
94/12/20,6569.0,133077.0,20.5,20.5,20.0,20.25,-0.05,1543.0
94/12/21,9073.0,186954.0,20.3,20.9,20.25,20.5,0.25,1915.0
94/12/22,4727.0,95944.0,20.5,20.6,20.15,20.2,-0.30,1080.0
94/12/23,4360.0,88987.0,20.4,20.6,20.2,20.45,0.25,1020.0
94/12/26,8965.0,188559.0,20.7,21.4,20.65,21.2,0.75,2010.0
94/12/27,6069.0,127177.0,21.2,21.35,20.6,20.9,-0.30,1393.0
94/12/28,3517.0,73470.0,20.8,21.1,20.7,20.8,-0.10,822.0
94/12/29,5581.0,117719.0,21.0,21.3,20.8,21.0,0.20,1066.0
94/12/30,4749.0,99292.0,21.2,21.25,20.6,20.7,-0.30,1059.0
95/01/02,7465.0,150773.0,20.5,20.5,19.9,20.05,-0.65,1430.0
95/01/03,4945.0,101264.0,20.0,20.7,20.0,20.5,0.45,984.0
95/01/04,3237.0,66350.0,20.7,20.8,20.4,20.5,0.00,812.0
95/01/05,5192.0,108351.0,20.55,21.15,20.5,20.85,0.35,1107.0
95/01/06,5115.0,107835.0,20.8,21.3,20.8,21.15,0.30,1123.0
95/01/09,7251.0,157211.0,21.3,21.9,21.3,21.85,0.70,1430.0
95/01/10,5481.0,119929.0,22.1,22.3,21.55,21.75,-0.10,1335.0
95/01/11,2972.0,64563.0,21.75,21.95,21.5,21.6,-0.15,711.0
95/01/12,3677.0,80199.0,21.8,22.0,21.6,21.6,0.00,932.0
95/01/13,3661.0,78008.0,21.6,21.7,21.1,21.3,-0.30,856.0
95/01/16,2895.0,61380.0,21.3,21.5,21.0,21.35,0.05,675.0
95/01/17,7052.0,153644.0,21.5,22.2,21.5,21.65,0.30,1418.0
95/01/18,4450.0,94135.0,21.5,21.6,20.75,21.15,-0.50,1013.0
95/01/19,2412.0,51030.0,21.2,21.4,20.95,21.1,-0.05,588.0
95/01/20,2203.0,46471.0,21.1,21.3,20.85,20.95,-0.15,494.0
95/01/23,4370.0,89077.0,20.8,20.8,20.0,20.1,-0.85,967.0
95/01/24,2977.0,61419.0,20.4,20.9,20.35,20.8,0.70,688.0
95/01/25,5488.0,117308.0,20.95,21.7,20.8,21.5,0.70,1324.0
95/02/03,13573.0,306191.0,22.0,23.0,21.8,23.0,1.50,3024.0
95/02/06,11153.0,262975.0,23.0,23.95,23.0,23.4,0.40,2840.0
95/02/07,6393.0,148303.0,23.5,23.5,22.8,23.4,0.00,1491.0
95/02/08,9438.0,224515.0,23.45,24.2,23.25,24.0,0.60,2299.0
95/02/09,4406.0,104453.0,24.1,24.15,23.55,23.65,-0.35,1058.0
95/02/10,7610.0,183212.0,23.8,24.5,23.65,23.75,0.10,1907.0
95/02/13,6256.0,150087.0,23.9,24.2,23.75,23.9,0.15,1492.0
95/02/14,4192.0,100233.0,24.2,24.25,23.75,23.9,0.00,1104.0
95/02/15,5485.0,128871.0,24.0,24.0,23.2,23.25,-0.65,1276.0
95/02/16,2693.0,63221.0,23.25,23.7,23.25,23.4,0.15,742.0
95/02/17,2902.0,68320.0,23.5,23.8,23.4,23.55,0.15,701.0
95/02/20,17596.0,390494.0,23.05,23.05,21.95,22.1,-1.45,3597.0
95/02/21,6351.0,140244.0,22.0,22.4,21.65,21.8,-0.30,1627.0
95/02/22,4900.0,104653.0,21.8,22.0,21.0,21.2,-0.60,1188.0
95/02/23,3627.0,75703.0,21.0,21.2,20.6,20.7,-0.50,945.0
95/02/24,2430.0,51212.0,20.7,21.2,20.7,21.15,0.45,626.0
95/02/27,1855.0,39172.0,21.15,21.3,20.85,21.1,-0.05,548.0
95/03/01,3462.0,73635.0,21.1,21.4,21.1,21.4,0.30,778.0
95/03/02,2295.0,49226.0,21.8,21.8,21.2,21.25,-0.15,560.0
95/03/03,3134.0,66617.0,21.3,21.45,21.0,21.4,0.15,786.0
95/03/06,4170.0,90714.0,21.6,22.15,21.5,22.05,0.65,1082.0
95/03/07,3061.0,67380.0,22.05,22.2,21.7,21.8,-0.25,943.0
95/03/08,2155.0,47178.0,21.6,22.05,21.6,21.9,0.10,561.0
95/03/09,4559.0,101879.0,21.9,22.55,21.9,22.45,0.55,1096.0
95/03/10,1870.0,41629.0,22.45,22.45,22.15,22.2,-0.25,529.0
95/03/13,3230.0,72306.0,22.35,22.65,22.1,22.5,0.30,689.0
95/03/14,2542.0,56582.0,22.5,22.5,22.1,22.1,-0.40,573.0
95/03/15,1425.0,31625.0,22.2,22.3,22.1,22.25,0.15,388.0
95/03/16,2539.0,56287.0,22.35,22.35,22.0,22.05,-0.20,568.0
95/03/17,2182.0,48688.0,22.3,22.45,22.15,22.3,0.25,494.0
95/03/20,1979.0,44230.0,22.5,22.55,22.2,22.3,0.00,501.0
95/03/21,1860.0,41489.0,22.5,22.5,22.2,22.25,-0.05,405.0
95/03/22,1665.0,36966.0,22.25,22.4,22.1,22.1,-0.15,367.0
95/03/23,1270.0,28079.0,22.1,22.2,22.05,22.1,0.00,289.0
95/03/24,3563.0,80583.0,22.4,22.9,22.2,22.5,0.40,976.0
95/03/27,4050.0,92669.0,22.55,23.0,22.55,22.8,0.30,1081.0
95/03/28,2923.0,67304.0,23.0,23.2,22.9,22.95,0.15,680.0
95/03/29,1995.0,45862.0,23.0,23.1,22.9,23.05,0.10,482.0
95/03/30,3120.0,71872.0,23.05,23.2,22.85,23.0,-0.05,696.0
95/03/31,3258.0,75580.0,23.0,23.4,22.9,23.1,0.10,701.0
95/04/03,9574.0,231692.0,23.5,24.6,23.5,24.35,1.25,2147.0
95/04/04,4852.0,117524.0,24.35,24.5,24.05,24.1,-0.25,1015.0
95/04/06,3377.0,81342.0,24.4,24.4,23.95,24.1,0.00,819.0
95/04/07,4161.0,99547.0,24.1,24.1,23.7,23.95,-0.15,802.0
95/04/10,6869.0,169893.0,24.1,25.2,24.05,24.8,0.85,1756.0
95/04/11,5912.0,148954.0,24.8,25.75,24.6,25.6,0.80,1628.0
95/04/12,6858.0,175220.0,25.45,26.1,25.1,25.15,-0.45,1616.0
95/04/13,4140.0,105820.0,25.2,25.75,25.2,25.6,0.45,1012.0
95/04/14,13360.0,360937.0,26.0,27.35,25.85,26.85,1.25,2524.0
95/04/17,11657.0,329018.0,27.3,28.7,27.3,28.7,1.85,2469.0
95/04/18,10901.0,317116.0,29.1,29.5,28.5,29.45,0.75,2672.0
95/04/19,7869.0,230870.0,29.55,29.8,28.9,29.0,-0.45,1810.0
95/04/20,4162.0,121441.0,29.1,29.45,28.95,29.1,0.10,1068.0
95/04/21,8040.0,228715.0,29.1,29.2,27.6,27.85,-1.25,1913.0
95/04/24,7039.0,203033.0,27.85,29.45,27.8,29.3,1.45,1752.0
95/04/25,13138.0,401760.0,29.5,31.35,29.5,30.2,0.90,2703.0
95/04/26,6055.0,184634.0,30.4,31.2,29.65,31.0,0.80,1706.0
95/04/27,16524.0,523263.0,31.0,32.15,30.8,31.5,0.50,2973.0
95/04/28,10624.0,320925.0,30.7,30.8,29.3,30.0,-1.50,2074.0
95/05/02,5927.0,181385.0,30.0,31.3,29.6,30.8,0.80,1402.0
95/05/03,6170.0,193200.0,31.3,31.8,30.7,31.5,0.70,1234.0
95/05/04,4989.0,157058.0,31.5,31.9,31.0,31.45,-0.05,1215.0
95/05/05,7459.0,238379.0,31.5,32.4,31.2,31.3,-0.15,1801.0
95/05/08,4440.0,137908.0,31.4,31.8,30.55,31.15,-0.15,1119.0
95/05/09,10344.0,309920.0,30.6,30.9,29.35,30.0,-1.15,2134.0
95/05/10,9034.0,263154.0,29.5,29.95,28.5,29.6,-0.40,1852.0
95/05/11,5307.0,158824.0,29.3,30.8,28.8,30.0,0.40,1383.0
95/05/12,4591.0,139841.0,30.0,30.95,30.0,30.3,0.30,1147.0
95/05/15,2417.0,72702.0,30.3,30.5,29.8,30.0,-0.30,644.0
95/05/16,4210.0,122141.0,30.0,30.0,28.4,29.0,-1.00,1069.0
95/05/17,2085.0,60855.0,29.0,29.4,28.7,29.1,0.10,519.0
95/05/18,2123.0,61885.0,28.7,29.75,28.7,29.5,0.40,637.0
95/05/19,2903.0,87181.0,29.75,30.35,29.15,30.35,0.85,841.0
95/05/22,4378.0,133356.0,30.5,31.2,29.5,29.5,-0.85,1040.0
95/05/23,1526.0,44537.0,29.4,29.6,28.8,29.25,-0.25,497.0
95/05/24,3499.0,103828.0,29.3,30.3,29.25,29.4,0.15,826.0
95/05/25,1615.0,47817.0,29.5,29.85,29.25,29.4,0.00,416.0
95/05/26,1810.0,53748.0,29.6,29.9,29.5,29.5,0.10,397.0
95/05/29,1060.0,31265.0,29.55,29.65,29.3,29.3,-0.20,336.0
95/05/30,1722.0,49752.0,29.5,29.6,28.6,29.0,-0.30,507.0
95/06/01,915.0,26593.0,28.8,29.4,28.8,29.1,0.10,310.0
95/06/02,898.0,25900.0,29.1,29.15,28.6,29.05,-0.05,349.0
95/06/05,2031.0,57624.0,28.8,29.0,27.7,28.0,-1.05,582.0
95/06/06,2555.0,69608.0,26.9,27.9,26.8,27.6,-0.40,765.0
95/06/07,926.0,25198.0,27.4,27.4,27.05,27.25,-0.35,309.0
95/06/08,3078.0,82384.0,27.5,27.8,26.1,26.4,-0.85,821.0
95/06/09,2600.0,68053.0,26.6,26.9,25.7,26.5,0.10,703.0
95/06/12,1794.0,48201.0,26.5,27.5,26.4,27.2,0.70,515.0
95/06/13,1271.0,34889.0,27.2,27.9,26.9,27.25,0.05,433.0
95/06/14,769.0,21207.0,27.3,27.7,27.3,27.5,0.25,271.0
95/06/15,1294.0,36113.0,28.1,28.2,27.65,27.85,0.35,436.0
95/06/16,1605.0,45971.0,28.7,28.8,28.4,28.4,0.55,455.0
95/06/19,1631.0,47317.0,28.7,29.5,28.4,28.95,0.55,560.0
95/06/20,2504.0,72853.0,29.1,29.35,28.7,28.8,-0.15,701.0
95/06/21,1287.0,36704.0,29.0,29.15,27.8,28.0,-0.80,419.0
95/06/22,1317.0,37774.0,28.3,28.9,28.3,28.9,0.90,320.0
95/06/23,1123.0,32279.0,28.9,28.9,28.5,28.75,-0.15,286.0
95/06/26,1197.0,34675.0,28.4,29.1,28.4,29.0,0.25,262.0
95/06/27,2645.0,77380.0,29.0,29.45,28.6,29.25,0.25,641.0
95/06/28,2573.0,75584.0,29.3,29.6,29.15,29.35,0.10,748.0
95/06/29,1718.0,50286.0,29.35,29.45,29.05,29.25,-0.10,448.0
95/06/30,2079.0,60943.0,29.35,29.55,29.1,29.15,-0.10,464.0
95/07/03,5141.0,153564.0,29.4,30.4,29.25,30.1,0.95,1239.0
95/07/04,2679.0,81047.0,30.1,30.4,30.0,30.2,0.10,724.0
95/07/05,3356.0,99804.0,30.2,30.4,29.3,29.3,-0.90,917.0
95/07/06,2830.0,83197.0,29.6,29.9,28.9,29.7,0.40,790.0
95/07/07,3918.0,118235.0,29.7,30.45,29.6,30.2,0.50,1057.0
95/07/10,2799.0,85310.0,30.2,30.8,30.2,30.45,0.25,797.0
95/07/11,3697.0,111776.0,30.6,30.7,29.8,30.0,-0.45,911.0
95/07/12,5093.0,150909.0,30.0,30.1,29.3,29.85,-0.15,1312.0
95/07/13,2578.0,71422.0,27.25,28.05,27.25,27.65,-0.10,855.0
95/07/14,1954.0,54151.0,27.3,28.2,27.3,27.65,0.00,650.0
95/07/17,3415.0,91881.0,27.65,28.15,25.8,26.8,-0.85,958.0
95/07/18,1657.0,44302.0,26.8,27.0,26.5,26.75,-0.05,399.0
95/07/19,1038.0,27812.0,26.8,27.1,26.45,26.45,-0.30,319.0
95/07/20,2093.0,55976.0,26.9,27.1,26.5,26.55,0.10,498.0
95/07/21,1750.0,45616.0,26.5,26.5,25.9,25.9,-0.65,498.0
95/07/24,1518.0,38790.0,25.85,25.9,25.3,25.4,-0.50,401.0
95/07/25,1783.0,45645.0,25.85,25.95,25.4,25.75,0.35,405.0
95/07/26,1562.0,40719.0,25.85,26.2,25.6,26.0,0.25,457.0
95/07/27,661.0,17253.0,26.05,26.2,26.0,26.2,0.20,224.0
95/07/28,2040.0,54688.0,26.2,27.1,26.15,27.0,0.80,511.0
95/07/31,2637.0,73012.0,27.2,28.1,27.05,27.75,0.75,740.0
95/08/01,1316.0,36468.0,27.9,28.0,27.5,27.6,-0.15,358.0
95/08/02,1538.0,41960.0,27.5,27.55,27.1,27.3,-0.30,338.0
95/08/03,945.0,25687.0,27.3,27.5,26.95,27.3,0.00,254.0
95/08/04,1167.0,31889.0,27.3,27.6,27.2,27.25,-0.05,294.0
95/08/07,524.0,14223.0,27.35,27.35,27.0,27.15,-0.10,156.0
95/08/08,576.0,15672.0,27.15,27.35,27.1,27.1,-0.05,203.0
95/08/09,948.0,25689.0,27.1,27.25,26.95,27.1,0.00,238.0
95/08/10,1182.0,31971.0,27.1,27.3,26.85,26.85,-0.25,304.0
95/08/11,2581.0,71327.0,26.8,28.0,26.8,27.85,1.00,740.0
95/08/14,3005.0,85087.0,28.0,28.6,27.6,28.55,0.70,799.0
95/08/15,1119.0,31722.0,28.8,28.8,28.05,28.3,-0.25,355.0
95/08/16,1117.0,31781.0,28.5,28.65,28.2,28.3,0.00,393.0
95/08/17,915.0,25964.0,28.3,28.6,28.2,28.2,-0.10,325.0
95/08/18,2244.0,64401.0,28.25,29.0,28.25,28.4,0.20,609.0
95/08/21,2508.0,70672.0,28.5,28.9,27.7,27.8,-0.60,711.0
95/08/22,1234.0,34690.0,27.95,28.4,27.8,28.3,0.50,338.0
95/08/23,11121.0,330219.0,28.5,30.25,28.5,30.25,1.95,2685.0
95/08/24,14679.0,465857.0,31.4,32.35,31.0,31.9,1.65,3616.0
95/08/25,12414.0,412476.0,31.9,34.0,31.8,33.75,1.85,3344.0
95/08/28,10810.0,370393.0,34.2,35.0,33.55,34.5,0.75,3219.0
95/08/29,5522.0,189300.0,34.55,34.6,33.65,34.5,0.00,1669.0
95/08/30,3965.0,135248.0,34.5,34.6,33.95,33.95,-0.55,1079.0
95/08/31,6739.0,236870.0,34.25,35.6,34.25,35.0,1.05,2096.0
95/09/01,5984.0,210883.0,35.0,36.35,34.25,36.3,1.30,1993.0
95/09/04,8074.0,302230.0,36.5,38.35,36.05,38.25,1.95,2450.0
95/09/05,8288.0,323010.0,38.5,39.8,37.8,38.5,0.25,2853.0
95/09/06,5747.0,218119.0,38.2,38.7,37.15,37.15,-1.35,1868.0
95/09/07,4926.0,183909.0,36.6,38.05,36.45,37.15,0.00,1631.0
95/09/08,4413.0,167475.0,37.1,38.6,36.9,37.9,0.75,1382.0
95/09/11,6047.0,223704.0,37.9,38.3,36.3,36.3,-1.60,1835.0
95/09/12,7115.0,251416.0,36.0,36.4,34.6,35.2,-1.10,2087.0
95/09/13,4957.0,176224.0,35.2,36.0,34.75,35.9,0.70,1744.0
95/09/14,3427.0,122914.0,36.2,36.45,35.15,35.65,-0.25,1085.0
95/09/15,1680.0,60484.0,36.0,36.25,35.4,36.25,0.60,630.0
95/09/18,3241.0,119906.0,37.25,37.25,36.65,37.0,0.75,995.0
95/09/19,2473.0,89964.0,36.7,37.0,36.0,36.1,-0.90,873.0
95/09/20,2505.0,92120.0,35.8,37.2,35.6,36.55,0.45,907.0
95/09/21,10931.0,423706.0,37.5,39.1,37.5,39.1,2.55,2796.0
95/09/22,6731.0,263130.0,39.05,39.6,38.5,39.0,-0.10,2027.0
95/09/25,7488.0,299935.0,39.0,40.7,39.0,40.3,1.30,2098.0
95/09/26,2665.0,105927.0,40.0,40.3,39.4,39.4,-0.90,868.0
95/09/27,2312.0,90858.0,39.4,39.7,38.9,39.0,-0.40,864.0
95/09/28,3767.0,143415.0,39.1,39.2,37.4,38.0,-1.00,1359.0
95/09/29,1818.0,68616.0,38.2,38.2,37.45,37.9,-0.10,727.0
95/10/02,1128.0,42845.0,37.9,38.2,37.6,38.0,0.10,413.0
95/10/03,3198.0,124315.0,38.0,39.2,37.9,38.6,0.60,1072.0
95/10/04,2347.0,91023.0,38.9,39.2,38.55,38.55,-0.05,638.0
95/10/05,3810.0,149487.0,38.55,39.6,38.55,39.3,0.75,1134.0
95/10/11,9259.0,381836.0,39.6,42.05,39.6,42.05,2.75,2541.0
95/10/12,19657.0,859209.0,43.0,44.95,42.25,44.3,2.25,5041.0
95/10/13,13565.0,616729.0,45.1,46.3,44.75,46.0,1.70,3332.0
95/10/14,7198.0,336399.0,46.0,47.45,46.0,46.0,0.00,2382.0
95/10/16,5687.0,255443.0,46.0,46.8,44.15,44.2,-1.80,1940.0
95/10/17,4275.0,188105.0,44.0,44.7,43.5,43.7,-0.50,1375.0
95/10/18,4349.0,187364.0,43.7,44.6,42.3,44.6,0.90,1417.0
95/10/19,12406.0,577964.0,45.4,47.6,45.4,46.5,1.90,3750.0
95/10/20,4437.0,206097.0,46.8,47.2,45.7,46.15,-0.35,1343.0
95/10/23,2513.0,114949.0,45.4,46.15,45.4,45.6,-0.55,799.0
95/10/24,5170.0,228894.0,45.4,45.6,43.7,43.7,-1.90,1672.0
95/10/25,4368.0,192240.0,43.3,45.0,42.9,44.7,1.00,1688.0
95/10/26,2448.0,108354.0,44.8,45.1,44.0,44.05,-0.65,813.0
95/10/27,1545.0,67641.0,44.1,44.7,43.35,43.8,-0.25,698.0
95/10/30,1547.0,68234.0,43.35,44.5,43.35,44.15,0.35,693.0
95/10/31,1367.0,60256.0,44.15,44.45,43.75,44.15,0.00,580.0
95/11/01,2734.0,120070.0,44.0,44.4,43.6,43.8,-0.35,750.0
95/11/02,2960.0,131605.0,43.8,44.8,43.7,44.75,0.95,1021.0
95/11/03,8206.0,383001.0,45.4,47.85,45.05,47.0,2.25,2989.0
95/11/06,3534.0,165676.0,45.6,48.4,45.2,47.5,0.50,1366.0
95/11/07,4138.0,201179.0,48.0,49.5,47.8,48.2,0.70,1576.0
95/11/08,2651.0,126626.0,48.8,49.0,47.1,47.1,-1.10,956.0
95/11/09,2043.0,95088.0,47.3,47.6,46.0,46.0,-1.10,897.0
95/11/10,1496.0,68577.0,45.7,46.9,45.3,46.8,0.80,542.0
95/11/13,3205.0,145872.0,45.6,46.3,45.15,45.55,-1.25,983.0
95/11/14,1878.0,85890.0,45.55,46.5,45.25,45.8,0.25,681.0
95/11/15,1700.0,78294.0,45.8,46.6,45.75,45.8,0.00,695.0
95/11/16,1171.0,53650.0,46.0,46.4,45.45,45.5,-0.30,465.0
95/11/17,1891.0,87415.0,45.5,46.9,45.5,45.75,0.25,703.0
95/11/20,1333.0,60998.0,46.45,46.5,45.45,45.75,0.00,375.0
95/11/21,921.0,42157.0,46.0,46.3,45.5,45.6,-0.15,344.0
95/11/22,1382.0,63242.0,46.0,46.2,45.5,45.7,0.10,422.0
95/11/23,4369.0,206141.0,46.0,48.5,45.75,46.85,1.15,1660.0
95/11/24,1557.0,73187.0,47.0,47.55,46.5,46.5,-0.35,641.0
95/11/27,1308.0,60671.0,46.8,47.2,46.0,46.3,-0.20,468.0
95/11/28,2358.0,107474.0,46.1,46.3,45.2,45.3,-1.00,805.0
95/11/29,3459.0,153668.0,45.0,45.5,43.7,44.1,-1.20,1280.0
95/11/30,2803.0,124214.0,44.2,45.0,44.05,44.25,0.15,992.0
95/12/01,2392.0,105948.0,44.2,44.85,43.9,44.2,-0.05,816.0
95/12/04,1710.0,75637.0,44.2,44.8,43.8,44.55,0.35,630.0
95/12/05,3874.0,173984.0,45.0,45.45,44.2,45.2,0.65,1104.0
95/12/06,5926.0,276449.0,45.75,47.35,45.5,46.95,1.75,1784.0
95/12/07,3147.0,147901.0,47.25,47.5,46.5,46.9,-0.05,972.0
95/12/08,3288.0,156663.0,47.0,48.3,47.0,47.0,0.10,1074.0
95/12/11,2336.0,108438.0,47.2,47.4,46.1,46.2,-0.80,602.0
95/12/12,2462.0,113228.0,46.2,46.6,45.5,46.2,0.00,920.0
95/12/13,2100.0,98172.0,46.35,47.4,46.1,46.2,0.00,784.0
95/12/14,3352.0,157992.0,46.5,47.75,46.1,47.45,1.25,1160.0
95/12/15,6897.0,339595.0,48.0,50.1,48.0,49.2,1.75,2464.0
95/12/18,2440.0,120674.0,49.2,50.5,49.0,49.0,-0.20,931.0
95/12/19,2613.0,127781.0,49.4,49.4,48.55,48.6,-0.40,707.0
95/12/20,3574.0,177695.0,49.0,50.5,48.75,49.6,1.00,1069.0
95/12/21,944.0,46354.0,49.6,49.6,48.6,49.15,-0.45,353.0
95/12/22,1208.0,58615.0,49.0,49.15,48.15,48.25,-0.90,451.0
95/12/25,1222.0,58370.0,48.2,48.2,47.4,47.55,-0.70,479.0
95/12/26,1897.0,91301.0,48.05,48.85,47.6,48.7,1.15,644.0
95/12/27,1614.0,79089.0,49.0,49.9,48.2,48.2,-0.50,612.0
95/12/28,824.0,39495.0,48.2,48.5,47.6,47.7,-0.50,323.0
95/12/29,4416.0,214756.0,48.25,48.85,47.6,48.85,1.15,523.0
96/01/02,1027.0,49620.0,49.4,49.4,47.85,48.7,-0.15,450.0
96/01/03,1452.0,69747.0,48.7,48.9,47.85,48.0,-0.70,684.0
96/01/04,4757.0,224453.0,48.0,48.1,46.8,47.2,-0.80,1173.0
96/01/05,2209.0,102848.0,47.05,47.05,46.2,46.3,-0.90,836.0
96/01/08,2366.0,108843.0,46.0,46.5,45.6,45.6,-0.70,757.0
96/01/09,3135.0,142557.0,45.6,46.3,45.1,45.35,-0.25,1004.0
96/01/10,2547.0,116261.0,45.2,46.3,45.0,46.3,0.95,822.0
96/01/11,2384.0,109563.0,46.4,46.5,45.7,46.0,-0.30,803.0
96/01/12,1987.0,91775.0,46.5,46.7,46.0,46.1,0.10,607.0
96/01/15,1540.0,70317.0,46.2,46.25,45.4,45.6,-0.50,483.0
96/01/16,711.0,32697.0,45.6,46.2,45.6,45.9,0.30,296.0
96/01/17,8136.0,394070.0,46.0,49.1,45.9,49.1,3.20,2406.0
96/01/18,5938.0,298444.0,49.6,51.0,49.6,50.4,1.30,2230.0
96/01/19,3152.0,160993.0,50.9,51.6,50.4,50.8,0.40,1171.0
96/01/22,2964.0,151870.0,50.9,52.2,50.1,51.1,0.30,996.0
96/01/23,5754.0,303558.0,51.1,54.0,51.0,53.8,2.70,1793.0
96/01/24,1840.0,97497.0,54.0,54.1,52.0,52.3,-1.50,741.0
96/01/25,1466.0,77263.0,52.5,53.4,52.1,52.5,0.20,631.0
96/01/26,976.0,50709.0,52.1,52.5,51.6,51.7,-0.80,385.0
96/01/29,2379.0,120818.0,52.0,52.0,49.2,50.7,-1.00,1003.0
96/01/30,1676.0,83063.0,50.1,50.9,49.0,49.4,-1.30,605.0
96/01/31,1886.0,92145.0,49.5,50.0,48.25,49.6,0.20,668.0
96/02/01,599.0,29656.0,49.8,49.85,49.05,49.1,-0.50,310.0
96/02/02,1381.0,69087.0,49.4,50.5,49.3,50.2,1.10,536.0
96/02/05,8022.0,427433.0,50.3,53.7,50.3,53.7,3.50,1953.0
96/02/06,2536.0,135912.0,53.2,54.4,53.0,53.9,0.20,1289.0
96/02/07,1481.0,79460.0,54.5,54.5,52.9,53.5,-0.40,570.0
96/02/08,629.0,33297.0,53.5,53.8,52.6,52.6,-0.90,279.0
96/02/09,1109.0,57823.0,52.5,52.8,51.8,51.8,-0.80,458.0
96/02/12,1950.0,99448.0,51.8,51.8,50.7,51.2,-0.60,579.0
96/02/13,2505.0,126681.0,51.2,51.5,49.8,50.7,-0.50,821.0
96/02/14,1474.0,76259.0,50.7,52.4,50.7,52.4,1.70,585.0
96/02/26,2414.0,126812.0,53.8,53.8,52.0,52.0,-0.40,935.0
96/02/27,2663.0,139059.0,52.1,53.6,51.6,53.6,1.60,937.0
96/03/01,1736.0,90643.0,52.1,52.9,51.6,52.3,-1.30,633.0
96/03/02,1808.0,94923.0,52.0,53.5,52.0,52.1,-0.20,663.0
96/03/03,1489.0,76488.0,52.1,52.6,51.0,51.0,-1.10,508.0
96/03/05,2715.0,133200.0,50.4,50.4,47.95,47.95,-3.05,1063.0
96/03/06,2376.0,116346.0,48.0,49.85,48.0,49.85,1.90,1058.0
96/03/07,2789.0,139998.0,49.65,50.8,49.65,50.0,0.15,763.0
96/03/08,996.0,50237.0,50.6,50.8,50.0,50.8,0.80,383.0
96/03/09,1684.0,84414.0,50.8,51.1,49.6,50.5,-0.30,544.0
96/03/12,783.0,39339.0,50.5,50.7,49.95,50.3,-0.20,287.0
96/03/13,1996.0,100571.0,50.3,50.9,50.0,50.0,-0.30,778.0
96/03/14,2626.0,129338.0,49.0,50.0,48.9,49.9,-0.10,887.0
96/03/15,2285.0,114937.0,49.7,50.6,49.7,50.5,0.60,628.0
96/03/16,4361.0,225921.0,50.5,52.9,50.5,52.2,1.70,1291.0
96/03/19,1450.0,76232.0,52.8,53.2,52.2,52.6,0.40,640.0
96/03/20,1726.0,90539.0,53.0,53.0,52.0,52.6,0.00,749.0
96/03/21,861.0,45283.0,52.7,52.9,52.3,52.6,0.00,330.0
96/03/22,1134.0,59435.0,52.8,53.0,52.1,52.3,-0.30,394.0
96/03/23,1148.0,59758.0,52.3,52.7,51.6,51.7,-0.60,350.0
96/03/26,2858.0,145259.0,51.7,51.8,50.2,51.5,-0.20,1042.0
96/03/27,2871.0,145502.0,51.5,51.5,50.1,50.2,-1.30,1029.0
96/03/28,3884.0,192300.0,50.2,50.3,49.05,49.35,-0.85,1327.0
96/03/29,2586.0,129257.0,49.3,51.2,49.2,50.5,1.15,732.0
96/03/30,1433.0,72882.0,50.8,51.5,50.2,50.2,-0.30,549.0
96/04/02,1490.0,75754.0,50.5,51.3,50.3,51.0,0.80,575.0
96/04/03,2249.0,115838.0,51.7,52.1,51.0,51.1,0.10,549.0
96/04/04,2657.0,136670.0,51.5,52.2,50.6,50.8,-0.30,821.0
96/04/09,1870.0,96838.0,51.0,52.3,51.0,51.9,1.10,794.0
96/04/10,4661.0,245714.0,52.0,53.6,51.7,51.8,-0.10,1360.0
96/04/11,2219.0,115991.0,52.7,52.8,51.8,52.2,0.40,715.0
96/04/12,1823.0,95973.0,52.4,53.0,52.2,53.0,0.80,542.0
96/04/13,2164.0,112432.0,53.2,53.3,51.4,51.5,-1.50,690.0
96/04/14,1298.0,67205.0,51.5,52.3,51.5,51.8,0.30,370.0
96/04/16,1519.0,78198.0,51.9,52.4,51.0,51.0,-0.80,469.0
96/04/17,3379.0,169759.0,51.0,51.3,49.25,50.5,-0.50,933.0
96/04/18,5630.0,278861.0,50.1,50.4,49.0,49.65,-0.85,1485.0
96/04/19,1781.0,88085.0,49.5,50.0,49.2,49.8,0.15,669.0
96/04/20,1127.0,56090.0,49.8,50.3,49.25,50.3,0.50,470.0
96/04/23,1190.0,60110.0,50.5,50.9,50.0,50.5,0.20,290.0
96/04/24,2164.0,107513.0,50.2,50.3,49.45,49.8,-0.70,687.0
96/04/25,2162.0,106491.0,49.5,49.5,49.1,49.3,-0.50,693.0
96/04/26,2018.0,99266.0,49.5,49.5,49.05,49.2,-0.10,463.0
96/04/27,1625.0,80076.0,49.2,49.5,49.15,49.15,-0.05,731.0
96/04/30,1249.0,61961.0,49.2,50.0,49.05,49.9,0.75,445.0
96/05/02,2457.0,123135.0,50.2,50.6,49.6,50.0,0.10,709.0
96/05/03,3826.0,193972.0,50.4,51.4,50.1,50.4,0.40,1105.0
96/05/04,2585.0,131910.0,50.7,51.5,50.7,51.0,0.60,629.0
96/05/07,2038.0,105714.0,51.6,52.2,51.3,51.9,0.90,570.0
96/05/08,10594.0,573641.0,52.7,55.5,52.2,55.1,3.20,3411.0
96/05/09,7912.0,434508.0,55.1,56.1,53.3,53.8,-1.30,2423.0
96/05/10,2177.0,117155.0,54.1,54.4,53.4,53.4,-0.40,675.0
96/05/11,2421.0,129388.0,53.2,54.0,52.9,53.5,0.10,929.0
96/05/14,1526.0,82495.0,54.5,54.5,53.8,54.0,0.50,464.0
96/05/15,1584.0,85597.0,54.0,54.3,53.8,53.8,-0.20,395.0
96/05/16,870.0,46922.0,53.5,54.1,53.5,54.0,0.20,334.0
96/05/17,1056.0,57010.0,54.1,54.5,53.7,53.9,-0.10,337.0
96/05/18,1452.0,78160.0,54.0,54.1,53.5,53.7,-0.20,327.0
96/05/21,1944.0,104462.0,53.7,54.1,53.4,54.0,0.30,402.0
96/05/22,2459.0,132758.0,54.0,54.3,53.9,54.0,0.00,607.0
96/05/23,3160.0,169916.0,54.0,54.2,53.1,53.3,-0.70,746.0
96/05/24,2927.0,153540.0,53.1,53.3,51.6,53.0,-0.30,690.0
96/05/25,5394.0,296042.0,52.6,55.6,52.6,55.3,2.30,1620.0
96/05/28,1920.0,105502.0,55.3,55.5,54.3,55.3,0.00,564.0
96/05/29,2741.0,152562.0,54.8,56.3,54.8,55.3,0.00,668.0
96/05/30,868.0,47587.0,55.0,55.2,54.3,54.9,-0.40,292.0
96/05/31,1259.0,69085.0,55.0,55.5,54.3,54.5,-0.40,331.0
96/06/01,1560.0,85632.0,55.0,55.2,54.6,54.8,0.30,370.0
96/06/04,957.0,52745.0,54.8,55.5,54.7,55.0,0.20,287.0
96/06/05,1840.0,99989.0,55.0,55.0,53.8,54.0,-1.00,647.0
96/06/06,3925.0,209048.0,54.0,54.2,52.7,53.7,-0.30,1217.0
96/06/07,1688.0,89727.0,53.1,53.6,52.8,52.8,-0.90,557.0
96/06/08,1622.0,85779.0,52.7,53.1,52.6,52.9,0.10,399.0
96/06/11,3217.0,167925.0,53.4,53.4,51.9,52.1,-0.80,939.0
96/06/12,1639.0,85480.0,51.7,52.8,51.7,52.7,0.60,493.0
96/06/13,2554.0,137968.0,53.0,54.8,52.8,53.9,1.20,885.0
96/06/14,1334.0,72123.0,54.5,54.6,53.3,53.9,0.00,441.0
96/06/15,1794.0,96391.0,54.0,54.2,53.1,53.1,-0.80,592.0
96/06/20,2825.0,150451.0,54.6,54.6,52.6,52.7,-0.40,1031.0
96/06/21,1766.0,93301.0,52.5,53.8,52.5,52.8,0.10,606.0
96/06/22,4289.0,224421.0,53.0,53.0,52.0,52.3,-0.50,1274.0
96/06/23,1592.0,83769.0,52.3,53.0,52.3,52.9,0.60,665.0
96/06/25,3324.0,173755.0,52.9,53.0,51.9,52.3,-0.60,1168.0
96/06/26,2910.0,151600.0,52.2,52.4,51.9,52.3,0.00,758.0
96/06/27,2338.0,121956.0,52.1,52.8,51.7,52.2,-0.10,958.0
96/06/28,12144.0,664324.0,53.4,55.8,53.4,55.8,3.60,3196.0
96/06/29,6843.0,390531.0,55.8,58.2,55.1,56.5,0.70,2366.0
96/07/02,3831.0,220466.0,58.0,58.2,56.4,57.5,1.00,1308.0
96/07/03,3499.0,199256.0,58.0,58.0,56.3,56.6,-0.90,996.0
96/07/04,2409.0,135392.0,57.4,57.4,55.9,55.9,-0.70,884.0
96/07/05,3512.0,201502.0,57.0,58.4,56.5,58.0,2.10,1040.0
96/07/06,5678.0,335035.0,58.2,59.7,57.8,59.4,1.40,1800.0
96/07/09,6129.0,368573.0,60.2,60.8,59.5,60.0,0.60,1586.0
96/07/10,2960.0,175618.0,60.5,60.8,58.3,58.5,-1.50,1036.0
96/07/11,1770.0,103577.0,58.4,59.1,58.1,58.3,-0.20,679.0
96/07/12,1887.0,110685.0,58.5,59.2,58.3,58.7,0.40,584.0
96/07/13,3412.0,197971.0,59.0,59.3,57.5,57.9,-0.80,1050.0
96/07/16,5504.0,328989.0,58.9,60.5,58.2,59.7,1.80,1488.0
96/07/17,5192.0,311094.0,59.7,60.3,59.4,60.0,0.30,1220.0
96/07/18,5352.0,310855.0,58.3,58.8,57.7,58.0,0.30,1525.0
96/07/19,2386.0,137515.0,58.2,58.3,56.7,57.3,-0.70,767.0
96/07/20,2088.0,119823.0,57.7,58.1,56.8,57.3,0.00,642.0
96/07/23,3821.0,218169.0,56.9,58.3,56.4,58.2,0.90,1020.0
96/07/24,3165.0,184295.0,58.2,58.7,57.5,57.5,-0.70,978.0
96/07/25,2135.0,123239.0,57.7,58.0,57.3,57.7,0.20,597.0
96/07/26,5079.0,295087.0,58.5,59.0,57.3,58.1,0.40,1212.0
96/07/27,5570.0,328590.0,57.8,60.5,57.3,59.5,1.40,1607.0
96/07/30,2613.0,153447.0,59.4,59.8,58.0,58.5,-1.00,721.0
96/07/31,3227.0,190869.0,59.5,59.9,58.5,59.0,0.50,940.0
96/08/01,1529.0,89186.0,58.9,59.3,57.7,57.7,-1.30,486.0
96/08/02,2940.0,167330.0,58.2,58.7,54.6,58.7,1.00,918.0
96/08/03,1170.0,68324.0,58.5,58.8,58.1,58.5,-0.20,392.0
96/08/06,2547.0,149746.0,58.3,59.3,57.9,58.8,0.30,668.0
96/08/07,3873.0,232179.0,59.5,61.0,59.1,60.1,1.30,1282.0
96/08/08,2690.0,163908.0,61.5,61.8,60.4,61.1,1.00,888.0
96/08/09,7426.0,476786.0,62.0,65.3,61.5,65.2,4.10,1912.0
96/08/10,6927.0,454474.0,63.1,67.1,63.1,65.0,-0.20,2070.0
96/08/13,3534.0,230173.0,65.5,66.0,63.5,63.6,-1.40,1030.0
96/08/14,1738.0,109370.0,63.9,64.0,61.7,62.0,-1.60,677.0
96/08/15,3471.0,211175.0,61.0,62.3,59.3,59.3,-2.70,975.0
96/08/16,2099.0,118900.0,55.3,58.5,55.3,56.1,-3.20,766.0
96/08/17,3150.0,180267.0,56.7,58.4,56.0,58.0,1.90,913.0
96/08/20,2251.0,136612.0,61.0,61.8,59.0,61.5,3.50,824.0
96/08/21,1747.0,105654.0,61.5,61.5,59.7,60.5,-1.00,538.0
96/08/22,1061.0,63570.0,60.0,60.5,59.5,60.1,-0.40,340.0
96/08/23,864.0,52619.0,61.4,61.4,60.5,60.7,0.60,364.0
96/08/24,2078.0,129932.0,61.0,63.5,60.8,62.5,1.80,761.0
96/08/27,1822.0,113002.0,63.2,63.3,60.8,60.8,-1.70,709.0
96/08/28,1035.0,62659.0,61.0,61.0,60.0,60.8,0.00,392.0
96/08/29,1409.0,85170.0,60.2,61.5,60.0,61.0,0.20,505.0
96/08/30,3258.0,204916.0,61.5,63.5,61.5,63.1,2.10,926.0
96/08/31,8417.0,559720.0,63.6,67.5,63.6,67.5,4.40,2131.0
96/09/03,10380.0,725120.0,68.4,71.4,67.0,70.0,2.50,2722.0
96/09/04,3716.0,256188.0,71.0,71.0,67.4,69.7,-0.30,1249.0
96/09/05,2256.0,155179.0,69.7,69.9,67.8,68.9,-0.80,829.0
96/09/06,1537.0,105507.0,68.0,69.5,67.6,68.7,-0.20,595.0
96/09/07,1681.0,116876.0,69.5,70.5,68.7,68.8,0.10,647.0
96/09/10,939.0,63912.0,67.5,68.7,67.5,67.8,-1.00,360.0
96/09/11,1351.0,92046.0,67.7,68.8,67.6,68.0,0.20,427.0
96/09/12,1132.0,76646.0,68.2,68.6,67.3,67.6,-0.40,394.0
96/09/13,3918.0,268583.0,70.0,70.2,66.7,66.7,-0.90,1282.0
96/09/14,1200.0,79734.0,67.1,67.6,65.7,66.0,-0.70,541.0
96/09/17,1266.0,82626.0,66.2,66.3,64.3,65.2,-0.80,582.0
96/09/19,1181.0,78221.0,66.6,66.9,65.0,65.2,0.00,472.0
96/09/20,3526.0,237981.0,66.4,69.0,65.7,67.8,2.60,1139.0
96/09/21,4593.0,317148.0,68.9,69.5,68.7,68.9,1.10,1097.0
96/09/26,4214.0,290801.0,69.8,69.9,68.4,69.4,0.50,1269.0
96/09/27,3662.0,249551.0,69.4,69.5,67.7,67.9,-1.50,948.0
96/09/28,4936.0,329606.0,67.5,67.6,66.0,66.1,-1.80,1513.0
96/09/29,1924.0,129678.0,66.7,68.0,66.4,67.1,1.00,762.0
96/10/01,1703.0,115125.0,67.3,68.2,67.2,67.6,0.50,687.0
96/10/02,3800.0,260852.0,68.2,69.3,67.8,69.1,1.50,1408.0
96/10/03,1812.0,125167.0,69.1,69.6,68.7,69.4,0.30,734.0
96/10/04,1349.0,92189.0,69.4,69.5,67.7,68.8,-0.60,615.0
96/10/05,795.0,54122.0,68.7,68.7,67.9,68.0,-0.80,253.0
96/10/08,2807.0,189172.0,68.1,68.2,66.9,67.0,-1.00,1150.0
96/10/09,1517.0,101477.0,68.0,68.0,66.5,66.7,-0.30,561.0
96/10/11,1624.0,108018.0,67.2,67.6,65.8,66.8,0.10,479.0
96/10/12,1027.0,68783.0,66.8,67.7,66.1,66.4,-0.40,423.0
96/10/15,1269.0,83149.0,67.0,67.0,64.7,65.5,-0.90,556.0
96/10/16,1299.0,85950.0,66.5,67.5,65.6,65.7,0.20,661.0
96/10/17,1167.0,77147.0,66.0,66.5,66.0,66.2,0.50,399.0
96/10/18,967.0,64338.0,66.3,66.8,66.2,66.5,0.30,326.0
96/10/19,812.0,53846.0,66.5,66.8,65.8,66.3,-0.20,260.0
96/10/22,748.0,49410.0,64.7,67.0,64.7,66.9,0.60,351.0
96/10/23,1320.0,88389.0,67.2,67.5,66.5,66.5,-0.40,497.0
96/10/24,1575.0,105994.0,67.0,67.6,66.8,66.8,0.30,517.0
96/10/25,573.0,37959.0,67.7,67.7,65.7,65.9,-0.90,297.0
96/10/26,1672.0,109211.0,65.9,66.5,65.0,65.0,-0.90,520.0
96/10/29,6134.0,385524.0,65.0,65.1,60.5,62.0,-3.00,2150.0
96/10/30,2526.0,158153.0,62.0,63.2,61.8,63.0,1.00,910.0
96/10/31,994.0,61719.0,63.0,63.1,61.0,62.0,-1.00,480.0
96/11/01,2128.0,132052.0,62.9,62.9,61.8,62.3,0.30,682.0
96/11/02,1223.0,75949.0,62.2,62.8,61.7,61.9,-0.40,565.0
96/11/05,1037.0,64214.0,62.2,62.8,61.5,62.0,0.10,461.0
96/11/06,461.0,28840.0,62.5,62.9,62.0,62.6,0.60,223.0
96/11/07,703.0,44505.0,62.6,63.8,62.6,63.3,0.70,474.0
96/11/08,1018.0,62323.0,63.0,63.0,60.0,60.3,-3.00,504.0
96/11/09,902.0,55074.0,61.8,61.8,60.5,61.3,1.00,421.0
96/11/12,788.0,46919.0,60.0,61.0,58.5,59.4,-1.90,408.0
96/11/13,1410.0,83171.0,59.0,60.0,57.6,58.6,-0.80,449.0
96/11/14,2539.0,152659.0,59.6,60.8,59.5,60.0,1.40,540.0
96/11/15,1275.0,76333.0,60.0,60.5,59.4,60.0,0.00,462.0
96/11/16,648.0,39007.0,60.5,60.5,59.6,60.0,0.00,297.0
96/11/19,2522.0,141147.0,55.8,57.7,55.8,55.8,-4.20,831.0
96/11/20,2537.0,135218.0,52.5,54.4,52.5,54.1,-1.70,734.0
96/11/21,2043.0,112112.0,54.1,55.6,54.1,55.0,0.90,513.0
96/11/22,2541.0,144241.0,56.0,57.5,54.6,57.0,2.00,727.0
96/11/23,2242.0,125365.0,57.9,57.9,55.1,56.1,-0.90,615.0
96/11/26,1201.0,67430.0,56.9,56.9,55.9,56.2,0.10,254.0
96/11/27,1187.0,63818.0,55.8,55.8,52.4,54.1,-2.10,484.0
96/11/28,1019.0,56107.0,55.0,55.6,53.7,55.2,1.10,356.0
96/11/29,789.0,44221.0,56.3,56.8,55.5,56.7,1.50,396.0
96/11/30,304.0,17168.0,56.0,57.2,56.0,56.5,-0.20,163.0
96/12/03,484.0,26945.0,56.5,56.5,55.3,55.3,-1.20,232.0
96/12/04,2249.0,128491.0,55.3,58.0,55.1,58.0,2.70,508.0
96/12/05,1129.0,64536.0,57.8,57.8,56.6,57.3,-0.70,313.0
96/12/06,824.0,47612.0,58.0,58.1,57.5,58.0,0.70,266.0
96/12/07,832.0,48624.0,58.0,58.7,58.0,58.6,0.60,297.0
96/12/10,1269.0,75446.0,58.4,59.9,58.4,59.4,0.80,508.0
96/12/11,1548.0,91596.0,59.4,59.6,58.8,59.3,-0.10,351.0
96/12/12,807.0,47932.0,58.6,59.8,58.6,59.6,0.30,393.0
96/12/13,733.0,43547.0,59.6,59.9,58.1,59.0,-0.60,349.0
96/12/14,873.0,49554.0,58.6,58.8,55.0,56.9,-2.10,439.0
96/12/17,959.0,53523.0,56.2,56.4,55.0,55.2,-1.70,246.0
96/12/18,555.0,30218.0,54.0,55.2,53.2,55.0,-0.20,286.0
96/12/19,421.0,23339.0,55.0,56.0,54.5,56.0,1.00,223.0
96/12/20,1910.0,100671.0,55.5,55.5,52.1,52.1,-3.90,848.0
96/12/21,3126.0,153366.0,50.0,50.9,48.5,48.5,-3.60,1145.0
96/12/24,1574.0,75878.0,49.5,49.5,47.05,48.8,0.30,607.0
96/12/25,810.0,39505.0,48.9,49.3,48.5,49.3,0.50,331.0
96/12/26,1574.0,76837.0,49.2,49.3,48.3,49.3,0.00,468.0
96/12/27,1797.0,89312.0,49.3,50.2,49.2,50.0,0.70,678.0
96/12/28,1278.0,64420.0,49.9,51.6,49.8,50.5,0.50,577.0
96/12/31,1228.0,61992.0,51.5,51.5,50.0,50.5,0.00,522.0
97/01/02,2951.0,153856.0,50.3,53.0,50.3,51.7,1.20,1071.0
97/01/03,1802.0,92804.0,51.5,52.4,50.8,52.0,0.30,643.0
97/01/04,2102.0,107424.0,52.0,52.0,50.5,50.8,-1.20,885.0
97/01/07,1815.0,90261.0,49.7,50.2,49.3,49.7,-1.10,530.0
97/01/08,2121.0,108545.0,49.7,52.1,49.7,51.9,2.20,759.0
97/01/09,1978.0,102352.0,51.0,52.5,50.2,52.0,0.10,619.0
97/01/10,1107.0,58161.0,53.0,53.0,51.6,51.6,-0.40,478.0
97/01/11,384.0,19981.0,51.6,52.8,51.4,52.2,0.60,212.0
97/01/14,426.0,22331.0,53.9,53.9,51.6,51.9,-0.30,238.0
97/01/15,1090.0,57203.0,52.1,53.2,51.9,51.9,0.00,445.0
97/01/16,689.0,35026.0,51.7,51.7,50.0,50.0,-1.90,420.0
97/01/17,506.0,25474.0,50.2,51.2,50.0,50.2,0.20,300.0
97/01/18,306.0,15250.0,50.0,50.5,49.0,50.5,0.30,175.0
97/01/21,188.0,9509.0,50.5,51.0,50.1,50.5,0.00,153.0
97/01/22,2677.0,127911.0,48.0,48.8,47.0,47.0,-3.50,634.0
97/01/23,2711.0,119816.0,48.0,48.0,43.75,43.75,-3.25,818.0
97/01/24,3758.0,154855.0,44.0,44.0,40.7,41.9,-1.85,1273.0
97/01/25,1116.0,47841.0,42.5,43.8,42.3,42.4,0.50,415.0
97/01/28,885.0,37458.0,42.5,42.9,42.0,42.4,0.00,285.0
97/01/29,845.0,35662.0,42.95,43.45,41.7,42.0,-0.40,334.0
97/01/30,2361.0,101220.0,43.45,43.5,42.05,42.5,0.50,1050.0
97/01/31,1208.0,52304.0,43.0,44.0,42.6,43.4,0.90,567.0
97/02/01,1505.0,68794.0,43.6,46.4,43.6,46.4,3.00,619.0
97/02/12,1176.0,53908.0,47.0,47.3,44.5,44.5,-1.90,636.0
97/02/13,1117.0,50563.0,44.6,45.5,44.6,45.4,0.90,508.0
97/02/14,1388.0,63965.0,46.0,46.4,45.5,46.1,0.70,533.0
97/02/15,1223.0,57294.0,46.1,47.55,45.5,47.1,1.00,602.0
97/02/18,238.0,11242.0,47.85,47.85,46.6,47.35,0.25,164.0
97/02/19,966.0,45865.0,47.35,47.65,47.25,47.5,0.15,457.0
97/02/20,923.0,44110.0,47.5,48.1,47.5,48.0,0.50,393.0
97/02/21,956.0,46381.0,48.0,48.7,48.0,48.5,0.50,505.0
97/02/22,1449.0,67936.0,48.5,48.6,46.05,46.5,-2.00,577.0
97/02/25,1350.0,62814.0,46.5,47.2,45.65,47.1,0.60,441.0
97/02/26,1156.0,55081.0,47.1,48.6,47.0,47.1,0.00,499.0
97/02/27,585.0,27462.0,47.5,47.8,46.55,46.85,-0.25,321.0
97/02/29,1096.0,51668.0,46.85,47.75,46.6,46.85,0.00,623.0
97/03/03,1302.0,59428.0,46.5,46.5,45.0,45.85,-1.00,629.0
97/03/04,888.0,41359.0,46.5,46.85,46.1,46.8,0.95,359.0
97/03/05,837.0,39353.0,47.1,47.5,46.7,47.2,0.40,489.0
97/03/06,2307.0,111484.0,47.7,49.0,47.7,48.0,0.80,791.0
97/03/07,1308.0,62595.0,48.2,49.0,47.0,48.0,0.00,552.0
97/03/10,1745.0,84202.0,48.6,48.6,47.6,48.0,0.00,971.0
97/03/11,1179.0,56536.0,48.0,48.1,47.2,48.05,0.05,379.0
97/03/12,520.0,25036.0,48.5,48.8,47.35,47.4,-0.65,291.0
97/03/13,2480.0,113238.0,47.25,47.35,44.9,45.5,-1.90,980.0
97/03/14,2019.0,91812.0,45.2,45.8,45.0,45.5,0.00,680.0
97/03/17,1265.0,56750.0,44.6,45.1,44.2,45.0,-0.50,523.0
97/03/18,384.0,17131.0,44.5,44.9,44.3,44.65,-0.35,168.0
97/03/19,278.0,12471.0,45.0,45.2,44.65,44.7,0.05,159.0
97/03/20,548.0,24313.0,44.5,45.0,44.1,44.5,-0.20,363.0
97/03/21,773.0,35415.0,44.9,46.2,44.5,45.8,1.30,277.0
97/03/24,1324.0,63179.0,47.8,48.95,46.5,48.6,2.80,580.0
97/03/25,1234.0,60490.0,48.6,49.6,47.4,49.25,0.65,530.0
97/03/26,1557.0,78510.0,49.1,50.8,49.1,50.8,1.55,642.0
97/03/27,2396.0,122141.0,50.7,51.8,49.8,51.0,0.20,729.0
97/03/28,2968.0,151308.0,50.0,52.0,49.7,51.5,0.50,980.0
97/03/31,1606.0,82744.0,51.2,52.5,50.6,52.5,1.00,541.0
97/04/01,1441.0,75535.0,52.1,53.4,50.8,50.8,-1.70,603.0
97/04/02,680.0,34137.0,51.5,51.7,49.8,49.95,-0.85,337.0
97/04/03,478.0,23811.0,50.0,50.3,49.35,49.8,-0.15,226.0
97/04/07,980.0,48942.0,50.0,50.4,49.65,49.95,0.15,368.0
97/04/08,283.0,14109.0,50.5,50.5,49.5,49.65,-0.30,152.0
97/04/09,413.0,20555.0,50.3,50.3,49.2,49.2,-0.45,232.0
97/04/10,824.0,40319.0,49.0,49.2,48.75,48.9,-0.30,388.0
97/04/11,944.0,46167.0,49.2,49.3,48.75,48.85,-0.05,441.0
97/04/14,1357.0,64997.0,48.8,48.8,47.25,47.7,-1.15,715.0
97/04/15,3222.0,158189.0,47.7,50.0,47.6,49.75,2.05,1547.0
97/04/16,2086.0,105176.0,50.1,50.9,49.5,49.55,-0.20,860.0
97/04/17,1102.0,54582.0,50.0,50.2,49.05,49.05,-0.50,405.0
97/04/18,2536.0,128221.0,49.9,51.4,49.5,50.8,1.75,971.0
97/04/21,1154.0,57803.0,51.6,51.6,49.5,49.6,-1.20,543.0
97/04/22,1863.0,90012.0,49.5,49.5,48.0,48.25,-1.35,923.0
97/04/23,3710.0,177175.0,48.25,49.0,46.1,48.25,0.00,1508.0
97/04/24,683.0,32942.0,48.3,48.8,47.9,48.0,-0.25,341.0
97/04/25,3092.0,145466.0,48.2,48.2,46.4,47.5,-0.50,1113.0
97/04/28,742.0,35057.0,47.5,47.6,47.0,47.5,0.00,255.0
97/04/29,1188.0,56280.0,47.8,47.8,46.4,47.45,-0.05,403.0
97/04/30,764.0,36376.0,47.45,48.15,47.0,48.0,0.55,304.0
97/05/02,882.0,42205.0,47.7,48.0,47.5,48.0,0.00,335.0
97/05/05,372.0,17602.0,48.0,48.0,47.1,47.35,-0.65,168.0
97/05/06,418.0,19712.0,47.35,47.35,47.0,47.0,-0.35,174.0
97/05/07,1379.0,64342.0,47.0,47.4,46.35,46.5,-0.50,458.0
97/05/08,1356.0,62517.0,46.4,46.4,46.0,46.35,-0.15,502.0
97/05/09,986.0,45534.0,46.3,46.5,45.95,46.3,-0.05,296.0
97/05/12,1063.0,48241.0,45.8,45.9,45.0,45.25,-1.05,484.0
97/05/13,1595.0,71305.0,45.5,45.5,44.3,44.85,-0.40,797.0
97/05/14,2136.0,94178.0,44.5,44.6,43.85,44.5,-0.35,978.0
97/05/15,2775.0,123698.0,44.5,45.3,44.05,44.4,-0.10,1167.0
97/05/16,2249.0,101282.0,44.5,45.4,44.5,44.8,0.40,849.0
97/05/19,3063.0,143986.0,45.5,47.9,45.3,47.9,3.10,1222.0
97/05/20,7380.0,366023.0,49.0,50.6,48.5,50.1,2.20,2718.0
97/05/21,1569.0,77002.0,50.0,50.0,48.5,49.0,-1.10,772.0
97/05/22,1605.0,77021.0,48.2,48.95,47.5,47.75,-1.25,706.0
97/05/23,1486.0,71345.0,47.9,48.7,47.05,47.7,-0.05,534.0
97/05/26,2521.0,123192.0,47.7,50.0,47.35,49.95,2.25,876.0
97/05/27,1320.0,64770.0,49.95,49.95,48.3,49.5,-0.45,617.0
97/05/28,1135.0,54657.0,49.0,49.0,47.5,48.5,-1.00,567.0
97/05/29,839.0,39863.0,48.5,48.5,46.8,47.1,-1.40,483.0
97/05/30,817.0,37898.0,47.1,47.1,45.9,47.1,0.00,389.0
97/06/02,545.0,25083.0,46.5,46.9,45.7,45.7,-1.40,304.0
97/06/03,324.0,14783.0,46.35,46.35,45.4,45.6,-0.10,159.0
97/06/04,273.0,12606.0,46.0,46.4,45.6,46.3,0.70,192.0
97/06/05,323.0,15152.0,46.9,47.4,46.3,47.15,0.85,173.0
97/06/06,631.0,29634.0,47.2,47.2,46.5,46.5,-0.65,195.0
97/06/09,697.0,31826.0,45.4,46.25,45.2,45.2,-1.30,250.0
97/06/10,705.0,31676.0,45.5,45.5,44.5,44.5,-0.70,317.0
97/06/11,1890.0,81767.0,44.2,44.5,42.0,44.0,-0.50,611.0
97/06/12,1645.0,68353.0,43.5,43.5,40.95,40.95,-3.05,669.0
97/06/13,1560.0,63806.0,42.0,42.05,40.05,40.5,-0.45,483.0
97/06/16,740.0,30150.0,40.7,41.3,40.2,40.2,-0.30,411.0
97/06/17,1806.0,70395.0,40.2,40.25,38.1,39.55,-0.65,571.0
97/06/18,1644.0,65121.0,39.0,40.8,38.8,40.1,0.55,620.0
97/06/19,2256.0,88085.0,39.8,39.8,38.4,39.0,-1.10,670.0
97/06/20,1848.0,70849.0,38.4,39.1,37.3,38.3,-0.70,665.0
97/06/23,2861.0,104334.0,36.0,37.4,36.0,36.15,-2.15,726.0
97/06/24,2106.0,75855.0,36.0,36.45,35.0,35.0,-1.15,493.0
97/06/25,5501.0,185063.0,35.0,35.0,32.8,34.9,-0.10,1154.0
97/06/26,1856.0,67522.0,35.0,37.3,34.5,36.85,1.95,688.0
97/06/27,2179.0,78106.0,36.3,37.6,34.5,36.35,-0.50,705.0
97/06/30,1431.0,53235.0,37.0,37.65,36.4,36.4,0.05,398.0
97/07/01,464.0,16597.0,36.4,37.0,35.0,35.2,-1.20,232.0
97/07/02,795.0,28184.0,35.2,36.0,35.2,35.9,0.70,263.0
97/07/03,602.0,21468.0,35.6,36.4,34.5,36.25,0.35,181.0
97/07/04,417.0,15023.0,36.9,36.9,35.55,35.6,-0.65,169.0
97/07/07,732.0,26305.0,35.6,36.4,35.6,35.95,0.35,178.0
97/07/08,607.0,21381.0,35.95,36.3,34.4,34.8,-1.15,239.0
97/07/09,1794.0,62303.0,34.6,35.2,34.1,34.25,-0.55,527.0
97/07/10,3161.0,103409.0,33.45,34.25,32.0,34.25,0.00,987.0
97/07/11,1286.0,44281.0,33.9,35.4,33.55,35.35,1.10,563.0
97/07/14,1411.0,49758.0,35.2,35.6,34.85,35.25,-0.10,570.0
97/07/15,2394.0,74047.0,32.0,32.3,30.5,30.5,-2.25,818.0
97/07/16,1742.0,51331.0,30.25,30.25,29.0,29.55,-0.95,554.0
97/07/17,968.0,28860.0,30.3,30.3,29.2,29.9,0.35,428.0
97/07/18,443.0,13067.0,30.1,30.1,29.0,29.0,-0.90,254.0
97/07/21,1693.0,50209.0,29.7,30.2,29.2,29.2,0.20,448.0
97/07/22,2002.0,60657.0,29.9,31.2,29.5,31.2,2.00,678.0
97/07/23,1904.0,62774.0,32.1,33.35,32.1,33.35,2.15,674.0
97/07/24,1677.0,57522.0,34.5,35.4,33.35,34.9,1.55,869.0
97/07/25,1555.0,51966.0,33.9,34.1,33.1,33.2,-1.70,473.0
97/07/29,1186.0,38358.0,32.5,33.5,31.75,33.2,0.00,447.0
97/07/30,1780.0,59150.0,34.0,34.0,32.4,32.7,-0.50,517.0
97/07/31,1454.0,46567.0,32.0,33.0,31.55,31.8,-0.90,410.0
97/08/01,1878.0,57343.0,30.8,32.0,29.8,31.8,0.00,541.0
97/08/04,1021.0,31137.0,31.3,31.3,30.0,30.2,-1.60,303.0
97/08/05,2646.0,77224.0,30.2,30.6,28.15,30.3,0.10,746.0
97/08/06,1470.0,43840.0,30.5,30.5,29.1,30.3,0.00,404.0
97/08/07,1446.0,43134.0,29.2,30.5,29.2,29.45,-0.85,416.0
97/08/08,2056.0,61064.0,29.75,30.7,29.05,30.7,1.25,703.0
97/08/11,1085.0,33006.0,31.0,31.2,30.0,30.0,-0.70,445.0
97/08/12,1140.0,34183.0,30.0,30.4,29.75,30.0,0.00,442.0
97/08/13,507.0,15213.0,30.2,30.3,29.85,29.85,-0.15,191.0
97/08/14,4092.0,128457.0,29.8,31.9,29.8,31.9,2.05,1202.0
97/08/15,1228.0,38775.0,31.8,31.8,31.4,31.6,-0.30,404.0
97/08/18,685.0,21423.0,31.5,31.9,30.9,31.0,-0.60,230.0
97/08/19,1495.0,47459.0,30.65,32.45,30.35,32.45,1.45,563.0
97/08/20,1737.0,57268.0,32.3,33.7,31.9,32.5,0.05,633.0
97/08/21,1045.0,33691.0,33.0,33.0,31.65,32.35,-0.15,253.0
97/08/22,584.0,18739.0,32.15,32.45,31.6,32.0,-0.35,201.0
97/08/25,307.0,9837.0,32.0,32.35,31.5,32.0,0.00,125.0
97/08/26,277.0,8722.0,31.35,31.9,31.25,31.9,-0.10,122.0
97/08/27,774.0,24910.0,31.9,32.4,31.8,32.05,0.15,239.0
97/08/28,729.0,23491.0,32.05,33.1,31.8,32.6,0.55,261.0
97/08/29,1112.0,35916.0,32.5,32.7,31.75,32.6,0.00,451.0
97/09/01,1200.0,37804.0,32.2,32.4,31.25,31.25,-1.35,368.0
97/09/02,473.0,14778.0,31.25,31.65,30.8,31.2,-0.05,192.0
97/09/03,583.0,17590.0,31.4,31.4,29.55,30.2,-1.00,268.0
97/09/04,740.0,22099.0,30.2,30.2,29.55,29.8,-0.40,297.0
97/09/05,1160.0,33719.0,29.4,29.8,28.7,29.8,0.00,363.0
97/09/08,1563.0,47653.0,29.8,31.0,29.8,31.0,1.20,638.0
97/09/09,515.0,15355.0,29.9,30.6,29.4,29.65,-1.35,221.0
97/09/10,692.0,20729.0,29.45,30.2,29.4,30.2,0.55,343.0
97/09/11,1288.0,38206.0,30.2,30.2,29.4,29.55,-0.65,363.0
97/09/12,2549.0,72796.0,29.55,29.8,27.5,28.45,-1.10,674.0
97/09/15,2240.0,61160.0,28.2,28.45,26.5,26.5,-1.95,677.0
97/09/16,2036.0,51219.0,24.65,25.5,24.65,25.5,-1.00,238.0
97/09/17,3571.0,85625.0,25.5,25.6,23.75,23.75,-1.75,448.0
97/09/18,507.0,11212.0,22.1,22.1,22.1,22.1,-1.65,80.0
97/09/19,4843.0,110753.0,21.8,23.6,21.8,23.6,1.50,1339.0
97/09/22,1461.0,33327.0,23.8,24.0,22.2,22.7,-0.90,474.0
97/09/23,907.0,20074.0,22.0,22.6,21.8,22.6,-0.10,274.0
97/09/24,1664.0,37845.0,22.5,23.4,22.2,23.3,0.70,600.0
97/09/25,2822.0,62151.0,23.2,23.2,21.7,21.7,-1.60,899.0
97/09/26,3125.0,63511.0,21.5,21.5,20.2,20.2,-1.50,806.0
97/09/30,193.0,3619.0,18.8,18.8,18.8,18.8,-1.40,93.0
97/10/01,2480.0,46447.0,20.1,20.1,17.7,18.8,0.00,689.0
97/10/02,1185.0,22086.0,18.2,19.4,18.1,18.25,-0.55,445.0
97/10/03,1147.0,20342.0,18.0,18.15,17.25,18.15,-0.10,397.0
97/10/06,2461.0,42130.0,17.9,18.1,16.9,16.9,-1.25,606.0
97/10/07,3845.0,61021.0,16.0,16.6,15.75,16.6,-0.30,854.0
97/10/08,2103.0,32601.0,15.7,15.95,15.45,15.45,-1.15,549.0
97/10/09,5126.0,74331.0,15.0,15.2,14.4,14.55,-0.90,1237.0
97/10/13,298.0,4192.0,14.05,14.05,14.05,14.05,-0.50,109.0
97/10/14,4835.0,68320.0,14.5,14.7,13.6,14.0,-0.05,1046.0
97/10/15,735.0,9995.0,13.85,13.85,13.55,13.55,-0.45,179.0
97/10/16,194.0,2542.0,13.1,13.1,13.1,13.1,-0.45,78.0
97/10/17,2781.0,35364.0,12.7,13.05,12.65,12.75,-0.35,771.0
97/10/20,654.0,8123.0,12.5,12.65,12.35,12.35,-0.40,189.0
97/10/21,3502.0,43297.0,12.35,12.9,11.95,11.95,-0.40,846.0
97/10/22,3373.0,39091.0,11.55,11.75,11.55,11.55,-0.40,609.0
97/10/23,219.0,2446.0,11.15,11.15,11.15,11.15,-0.40,101.0
97/10/24,2684.0,29017.0,10.8,10.95,10.8,10.8,-0.35,598.0
97/10/27,1914.0,19319.0,10.1,10.4,10.05,10.1,-0.70,558.0
97/10/28,3977.0,41371.0,9.5,10.8,9.5,10.8,0.70,1118.0
97/10/29,3791.0,43784.0,11.55,11.55,11.4,11.55,0.75,671.0
97/10/30,4950.0,60331.0,11.6,12.35,11.4,12.35,0.80,838.0
97/10/31,4876.0,63423.0,12.6,13.2,12.2,13.2,0.85,921.0
97/11/03,2538.0,35482.0,13.6,14.1,13.5,14.1,0.90,393.0
97/11/04,6776.0,99933.0,15.0,15.05,13.55,14.5,0.40,1371.0
97/11/05,3986.0,57450.0,14.65,14.95,14.0,14.5,0.00,966.0
97/11/06,3307.0,45434.0,13.5,14.3,13.5,13.6,-0.90,793.0
97/11/07,2541.0,35471.0,12.95,14.55,12.8,14.3,0.70,693.0
97/11/10,2220.0,30672.0,14.0,14.15,13.4,13.8,-0.50,601.0
97/11/11,1779.0,23465.0,13.6,13.6,13.0,13.1,-0.70,530.0
97/11/12,772.0,9978.0,12.7,13.2,12.5,12.95,-0.15,269.0
97/11/13,1434.0,17667.0,12.35,12.55,12.15,12.3,-0.65,452.0
97/11/14,3471.0,45181.0,12.6,13.15,12.6,13.15,0.85,612.0
97/11/17,2581.0,35387.0,13.15,14.05,13.15,13.95,0.80,768.0
97/11/18,2017.0,26690.0,13.95,13.95,13.0,13.0,-0.95,524.0
97/11/19,1505.0,18565.0,12.8,12.8,12.1,12.4,-0.60,433.0
97/11/20,869.0,10457.0,12.0,12.35,11.8,12.05,-0.35,305.0
97/11/21,813.0,9648.0,11.55,12.35,11.5,12.35,0.30,241.0
97/11/24,2532.0,29660.0,12.35,12.35,11.5,11.5,-0.85,517.0
97/11/25,2408.0,27429.0,11.3,11.8,11.1,11.25,-0.25,816.0
97/11/26,1237.0,13850.0,11.2,11.45,11.05,11.2,-0.05,389.0
97/11/27,2087.0,24644.0,11.3,11.95,11.3,11.95,0.75,524.0
97/11/28,2522.0,30641.0,12.0,12.65,11.65,12.5,0.55,667.0
97/12/01,2485.0,30526.0,12.3,12.5,12.1,12.2,-0.30,722.0
97/12/02,2359.0,26852.0,11.35,11.7,11.35,11.35,-0.85,567.0
97/12/03,1808.0,20108.0,11.2,11.35,10.7,10.85,-0.50,628.0
97/12/04,1952.0,20944.0,10.95,11.1,10.4,10.5,-0.35,626.0
97/12/05,1291.0,13248.0,10.4,10.5,10.1,10.2,-0.30,490.0
97/12/08,1619.0,17167.0,10.3,10.85,10.2,10.85,0.65,753.0
97/12/09,1580.0,17429.0,11.0,11.3,10.85,10.85,0.00,508.0
97/12/10,1686.0,19058.0,10.8,11.55,10.8,11.55,0.70,558.0
97/12/11,1908.0,21706.0,11.6,11.65,11.2,11.3,-0.25,910.0
97/12/12,2702.0,30894.0,10.95,11.85,10.95,11.1,-0.20,901.0
97/12/15,1549.0,17769.0,11.6,11.6,11.4,11.4,0.30,411.0
97/12/16,945.0,10549.0,11.4,11.4,11.05,11.1,-0.30,296.0
97/12/17,3832.0,43753.0,11.3,11.65,11.2,11.45,0.35,1022.0
97/12/18,3096.0,36173.0,11.4,11.85,11.4,11.8,0.35,957.0
97/12/19,1317.0,15033.0,11.5,11.55,11.25,11.5,-0.30,432.0
97/12/22,2052.0,23183.0,11.5,11.65,11.0,11.05,-0.45,567.0
97/12/23,1263.0,13360.0,11.05,11.1,10.35,10.4,-0.65,396.0
97/12/24,1255.0,13053.0,10.4,10.6,10.15,10.45,0.05,381.0
97/12/25,1087.0,11546.0,10.5,10.8,10.45,10.65,0.20,331.0
97/12/26,851.0,9069.0,10.65,10.75,10.55,10.55,-0.10,253.0
97/12/29,1288.0,13361.0,10.55,10.55,10.25,10.3,-0.25,368.0
97/12/30,1125.0,11874.0,10.3,10.7,10.3,10.6,0.30,316.0
97/12/31,1081.0,11544.0,10.7,10.85,10.55,10.7,0.10,238.0
98/01/05,1623.0,18362.0,11.05,11.4,11.05,11.4,0.70,325.0
98/01/06,3545.0,42539.0,11.85,12.15,11.7,12.15,0.75,895.0
98/01/07,7539.0,96268.0,12.5,13.0,12.4,12.85,0.70,1809.0
98/01/08,3079.0,37947.0,12.65,12.7,12.0,12.0,-0.85,930.0
98/01/09,3447.0,42902.0,11.6,12.8,11.6,12.65,0.65,937.0
98/01/10,3340.0,43083.0,12.4,13.35,12.3,13.05,0.40,1148.0
98/01/12,3818.0,51010.0,13.15,13.7,13.05,13.2,0.15,1276.0
98/01/13,1981.0,25335.0,12.7,13.1,12.65,12.9,-0.30,618.0
98/01/14,1147.0,14736.0,13.0,13.05,12.7,12.8,-0.10,377.0
98/01/15,2468.0,29657.0,12.4,12.4,11.95,11.95,-0.85,735.0
98/01/16,3710.0,42617.0,11.95,11.95,11.15,11.6,-0.35,1089.0
98/01/17,806.0,9263.0,11.5,11.6,11.3,11.55,-0.05,273.0
98/01/19,594.0,6936.0,11.55,11.8,11.55,11.65,0.10,230.0
98/01/20,2152.0,24037.0,11.6,11.7,10.85,10.95,-0.70,593.0
98/01/21,1249.0,13514.0,10.65,11.0,10.55,10.95,0.00,425.0
98/02/02,581.0,6328.0,11.0,11.0,10.7,10.9,-0.05,228.0
98/02/03,1642.0,18744.0,10.9,11.65,10.9,11.65,0.75,525.0
98/02/04,1855.0,21721.0,12.0,12.0,11.45,11.65,0.00,483.0
98/02/05,4723.0,57487.0,11.6,12.45,11.6,12.25,0.60,1331.0
98/02/06,4093.0,50101.0,12.45,12.5,12.0,12.25,0.00,1073.0
98/02/09,3866.0,48869.0,12.55,12.85,12.45,12.55,0.30,1042.0
98/02/10,2073.0,25695.0,12.4,12.6,12.25,12.5,-0.05,640.0
98/02/11,2226.0,27557.0,12.3,12.6,12.15,12.6,0.10,681.0
98/02/12,2199.0,26759.0,12.6,12.6,11.95,11.95,-0.65,652.0
98/02/13,1722.0,20754.0,12.0,12.2,11.95,12.15,0.20,460.0
98/02/16,1447.0,17709.0,12.25,12.35,12.0,12.2,0.05,445.0
98/02/17,2701.0,33300.0,12.2,12.45,12.2,12.3,0.10,724.0
98/02/18,1703.0,20447.0,12.0,12.2,11.9,12.05,-0.25,407.0
98/02/19,1338.0,16158.0,11.9,12.2,11.9,12.05,0.00,343.0
98/02/20,1300.0,15435.0,12.05,12.05,11.7,11.7,-0.35,406.0
98/02/23,923.0,10690.0,11.5,11.75,11.4,11.65,-0.05,355.0
98/02/24,726.0,8290.0,11.3,11.55,11.3,11.45,-0.20,234.0
98/02/25,2385.0,28334.0,11.6,12.05,11.6,11.8,0.35,579.0
98/02/26,1535.0,18431.0,12.05,12.2,11.9,11.95,0.15,475.0
98/02/27,1769.0,21189.0,12.0,12.1,11.85,12.05,0.10,420.0
98/03/02,2031.0,23473.0,11.9,11.9,11.4,11.5,-0.55,522.0
98/03/03,1714.0,19010.0,11.1,11.3,10.8,11.3,-0.20,472.0
98/03/04,1700.0,19313.0,11.3,11.55,11.0,11.5,0.20,485.0
98/03/05,2148.0,25172.0,11.8,11.85,11.6,11.75,0.25,595.0
98/03/06,1168.0,13380.0,11.6,11.6,11.35,11.4,-0.35,371.0
98/03/09,1093.0,12375.0,11.45,11.45,11.25,11.4,0.00,313.0
98/03/10,2696.0,31430.0,11.35,11.8,11.3,11.8,0.40,725.0
98/03/11,3487.0,41858.0,12.0,12.2,11.85,11.95,0.15,843.0
98/03/12,2862.0,33893.0,12.05,12.1,11.7,11.85,-0.10,635.0
98/03/13,7812.0,97591.0,12.1,12.65,12.1,12.65,0.80,1702.0
98/03/16,10541.0,138847.0,12.8,13.5,12.65,13.5,0.85,2245.0
98/03/17,10201.0,139825.0,13.65,14.1,13.35,13.5,0.00,2378.0
98/03/18,4654.0,62445.0,13.5,13.7,13.2,13.45,-0.05,1142.0
98/03/19,8758.0,121816.0,13.45,14.35,13.4,13.8,0.35,1858.0
98/03/20,9651.0,136930.0,13.9,14.55,13.8,13.95,0.15,2303.0
98/03/23,4787.0,66535.0,14.2,14.2,13.7,13.95,0.00,1097.0
98/03/24,7486.0,107220.0,14.2,14.5,14.15,14.2,0.25,1716.0
98/03/25,6795.0,99346.0,14.2,15.1,14.2,14.7,0.50,1848.0
98/03/26,5260.0,75825.0,14.7,14.75,14.15,14.2,-0.50,1381.0
98/03/27,8048.0,116947.0,14.4,15.05,13.95,14.6,0.40,2026.0
98/03/30,4250.0,59549.0,14.5,14.5,13.6,13.65,-0.95,1079.0
98/03/31,2337.0,31968.0,13.65,13.9,13.45,13.5,-0.15,724.0
98/04/01,4505.0,63149.0,13.65,14.25,13.65,14.25,0.75,1106.0
98/04/02,5482.0,79339.0,14.6,14.75,14.25,14.35,0.10,1271.0
98/04/03,6210.0,93612.0,14.75,15.35,14.45,15.35,1.00,1394.0
98/04/06,11611.0,186108.0,15.8,16.4,15.55,15.9,0.55,2609.0
98/04/07,7425.0,120803.0,15.7,16.65,15.5,16.55,0.65,1870.0
98/04/08,7555.0,121815.0,16.4,16.6,15.8,15.9,-0.65,1969.0
98/04/09,10667.0,177920.0,16.0,17.0,16.0,16.9,1.00,2355.0
98/04/10,11249.0,193461.0,17.0,17.6,16.8,17.45,0.55,2747.0
98/04/13,10516.0,187954.0,17.75,18.35,17.2,17.25,-0.20,2564.0
98/04/14,6179.0,105190.0,17.25,17.25,16.8,17.1,-0.15,1725.0
98/04/15,8289.0,144606.0,17.0,17.75,17.0,17.45,0.35,2048.0
98/04/16,11639.0,209211.0,18.0,18.2,17.55,17.9,0.45,2519.0
98/04/17,9167.0,159118.0,18.2,18.3,16.65,16.65,-1.25,2236.0
98/04/20,6463.0,101226.0,16.0,16.55,15.5,15.75,-0.90,1621.0
98/04/21,4264.0,67218.0,15.15,16.3,15.1,16.25,0.50,1220.0
98/04/22,4816.0,77529.0,16.3,16.4,15.9,16.15,-0.10,1105.0
98/04/23,3765.0,60602.0,16.0,16.25,15.7,16.05,-0.10,1029.0
98/04/24,12360.0,210221.0,16.05,17.15,16.05,17.15,1.10,2396.0
98/04/27,8017.0,135155.0,17.25,17.5,16.15,16.55,-0.60,1781.0
98/04/28,7011.0,111620.0,16.3,16.95,15.45,15.6,-0.95,1651.0
98/04/29,3338.0,51187.0,15.6,15.6,15.1,15.3,-0.30,888.0
98/04/30,5270.0,85422.0,16.3,16.35,15.75,16.3,1.00,1268.0
98/05/04,7525.0,125344.0,16.0,17.15,16.0,16.6,0.30,1959.0
98/05/05,4317.0,69645.0,16.8,16.9,15.8,16.1,-0.50,1127.0
98/05/06,10023.0,170198.0,16.1,17.2,15.85,17.05,0.95,2091.0
98/05/07,14970.0,270145.0,17.4,18.2,17.4,18.2,1.15,2986.0
98/05/08,17956.0,341973.0,18.35,19.45,18.15,19.45,1.25,3112.0
98/05/11,23932.0,488748.0,19.45,20.8,19.4,20.2,0.75,3295.0
98/05/12,8703.0,165503.0,19.9,20.0,18.8,18.8,-1.40,1912.0
98/05/13,6889.0,134634.0,19.0,20.1,18.9,20.1,1.30,1746.0
98/05/14,5770.0,115574.0,19.4,20.6,19.4,19.85,-0.25,1609.0
98/05/15,8051.0,162973.0,19.9,21.1,19.7,20.9,1.05,1828.0
98/05/18,5416.0,113884.0,20.7,21.4,20.6,21.3,0.40,1518.0
98/05/19,8308.0,170900.0,21.9,21.95,19.85,19.85,-1.45,1956.0
98/05/20,3844.0,74595.0,19.95,20.2,19.0,19.6,-0.25,1121.0
98/05/21,4377.0,85014.0,19.6,19.7,19.1,19.2,-0.40,1083.0
98/05/22,5330.0,103069.0,18.8,19.9,18.8,19.5,0.30,1545.0
98/05/25,4731.0,93801.0,19.85,20.2,19.55,19.9,0.40,1144.0
98/05/26,11567.0,238523.0,19.95,21.0,19.95,20.8,0.90,2791.0
98/05/27,8549.0,184691.0,21.8,22.0,21.05,21.5,0.70,2437.0
98/06/01,13228.0,298936.0,21.95,23.0,21.65,23.0,1.50,2980.0
98/06/02,13853.0,337337.0,23.5,24.6,23.3,24.0,1.00,3061.0
98/06/03,10666.0,241451.0,23.8,23.8,22.35,22.4,-1.60,2314.0
98/06/04,6881.0,153679.0,21.9,23.05,21.7,22.6,0.20,1824.0
98/06/05,3507.0,79401.0,23.0,23.0,22.0,22.3,-0.30,1048.0
98/06/06,2225.0,49705.0,22.35,22.6,22.0,22.5,0.20,774.0
98/06/08,2930.0,64061.0,22.8,22.9,21.0,21.1,-1.40,906.0
98/06/09,4671.0,93020.0,20.9,20.9,19.65,19.65,-1.45,1311.0
98/06/10,3804.0,75390.0,19.7,20.25,19.4,19.7,0.05,1167.0
98/06/11,5015.0,101128.0,19.8,20.8,19.5,20.75,1.05,1345.0
98/06/12,5123.0,109460.0,20.75,21.9,20.75,21.0,0.25,1722.0
98/06/15,2577.0,51234.0,20.8,20.8,19.55,19.55,-1.45,834.0
98/06/16,3279.0,61395.0,18.95,19.45,18.3,18.85,-0.70,1039.0
98/06/17,2048.0,38659.0,19.2,19.4,18.3,18.45,-0.40,776.0
98/06/18,2061.0,37742.0,18.8,18.85,17.8,18.25,-0.20,678.0
98/06/19,1739.0,32146.0,18.5,18.85,18.15,18.85,0.60,549.0
98/06/22,1582.0,29567.0,19.0,19.05,18.4,18.8,-0.05,504.0
98/06/23,1848.0,33405.0,18.2,18.35,17.9,18.2,-0.60,569.0
98/06/24,2132.0,39401.0,18.05,18.85,18.0,18.7,0.50,674.0
98/06/25,2225.0,42528.0,19.0,19.3,18.95,19.0,0.30,738.0
98/06/26,1112.0,21415.0,19.4,19.6,19.05,19.2,0.20,435.0
98/06/29,1674.0,31527.0,19.3,19.3,18.5,18.95,-0.25,513.0
98/06/30,2158.0,40440.0,19.2,19.25,18.4,18.75,-0.20,643.0
98/07/01,1289.0,24206.0,18.7,19.05,18.5,19.0,0.25,368.0
98/07/02,3043.0,60145.0,19.2,20.15,19.2,19.6,0.60,967.0
98/07/03,1012.0,19858.0,19.45,19.85,19.2,19.75,0.15,420.0
98/07/06,1156.0,22589.0,19.5,19.75,19.4,19.5,-0.25,397.0
98/07/07,2439.0,47925.0,19.55,19.9,19.5,19.65,0.15,638.0
98/07/08,1274.0,24633.0,19.5,19.55,19.15,19.2,-0.45,419.0
98/07/09,2464.0,47292.0,19.2,19.4,19.05,19.1,-0.10,627.0
98/07/10,1532.0,29151.0,19.1,19.3,18.85,18.9,-0.20,518.0
98/07/13,5415.0,95844.0,18.6,18.6,17.6,17.6,-1.30,1507.0
98/07/14,1349.0,23843.0,17.15,17.85,17.15,17.85,0.25,466.0
98/07/15,1611.0,29469.0,18.0,18.55,17.95,18.2,0.35,574.0
98/07/16,1501.0,27612.0,18.55,18.6,18.05,18.15,-0.05,489.0
98/07/17,940.0,17064.0,18.25,18.4,18.0,18.15,0.00,328.0
98/07/20,2371.0,44095.0,18.3,18.9,18.15,18.9,0.75,772.0
98/07/21,3008.0,57677.0,19.15,19.45,19.0,19.05,0.15,962.0
98/07/22,1967.0,37544.0,19.35,19.4,18.8,18.8,-0.25,615.0
98/07/23,1320.0,24824.0,18.85,19.1,18.6,18.8,0.00,441.0
98/07/24,1737.0,32694.0,18.95,19.2,18.6,18.65,-0.15,642.0
98/07/27,1475.0,27531.0,18.75,18.9,18.5,18.5,-0.15,344.0
98/07/28,5171.0,100608.0,18.5,19.75,18.5,19.75,1.25,1363.0
98/07/29,9119.0,185030.0,20.1,20.65,19.75,20.0,0.25,2617.0
98/07/30,2258.0,44288.0,20.0,20.0,19.3,19.6,-0.40,861.0
98/07/31,4003.0,80028.0,19.9,20.25,19.6,20.0,0.40,1239.0
98/08/03,7408.0,156077.0,20.5,21.4,20.35,21.4,1.40,2111.0
98/08/04,7587.0,165261.0,22.5,22.55,20.8,21.0,-0.40,2648.0
98/08/05,5273.0,109017.0,21.1,21.5,19.8,20.15,-0.85,1775.0
98/08/06,2205.0,43843.0,20.15,20.5,19.3,19.95,-0.20,768.0
98/08/10,2700.0,54618.0,20.2,20.55,19.6,19.95,0.00,770.0
98/08/11,1888.0,37061.0,19.75,20.1,19.45,19.55,-0.40,654.0
98/08/12,2326.0,45936.0,19.5,20.0,19.5,19.7,0.15,777.0
98/08/13,4146.0,83745.0,20.0,20.4,19.9,20.3,0.60,1173.0
98/08/14,5570.0,105973.0,18.5,19.65,18.5,18.85,0.40,1679.0
98/08/17,2185.0,40644.0,18.85,18.95,18.25,18.3,-0.55,942.0
98/08/18,3565.0,62535.0,18.05,18.15,17.05,17.35,-0.95,1221.0
98/08/19,1609.0,27885.0,17.65,17.65,17.15,17.2,-0.15,588.0
98/08/20,1767.0,29537.0,17.2,17.2,16.35,16.7,-0.50,681.0
98/08/21,1913.0,32023.0,16.9,17.2,16.4,16.5,-0.20,703.0
98/08/24,1775.0,29709.0,16.7,17.0,16.5,17.0,0.50,621.0
98/08/25,1379.0,23036.0,17.0,17.0,16.55,16.6,-0.40,467.0
98/08/26,1750.0,28342.0,16.6,16.6,16.0,16.05,-0.55,619.0
98/08/27,995.0,16065.0,16.0,16.4,16.0,16.05,0.00,391.0
98/08/28,715.0,11637.0,16.2,16.45,16.05,16.3,0.25,234.0
98/08/31,2800.0,47481.0,16.35,17.4,16.3,17.4,1.10,875.0
98/09/01,1725.0,29815.0,17.4,17.5,17.1,17.4,0.00,548.0
98/09/02,847.0,14597.0,17.1,17.4,17.05,17.2,-0.20,323.0
98/09/03,1138.0,19918.0,17.4,17.65,17.3,17.6,0.40,457.0
98/09/04,1243.0,21889.0,17.7,17.85,17.5,17.5,-0.10,434.0
98/09/07,1255.0,21869.0,17.6,17.8,17.2,17.2,-0.30,513.0
98/09/08,1597.0,27548.0,17.2,17.5,17.1,17.15,-0.05,592.0
98/09/09,1806.0,31464.0,17.15,17.6,17.15,17.3,0.15,741.0
98/09/10,2342.0,39834.0,17.5,17.6,16.6,16.85,-0.45,761.0
98/09/11,689.0,11595.0,16.7,16.95,16.7,16.8,-0.05,294.0
98/09/14,753.0,12578.0,16.9,16.95,16.6,16.75,-0.05,317.0
98/09/15,964.0,16141.0,16.6,16.85,16.6,16.85,0.10,363.0
98/09/16,1137.0,19202.0,16.85,17.05,16.8,16.95,0.10,456.0
98/09/17,2470.0,42500.0,16.95,17.4,16.95,17.35,0.40,854.0
98/09/18,1160.0,19903.0,17.35,17.35,17.05,17.15,-0.20,460.0
98/09/21,1737.0,29625.0,17.15,17.3,17.0,17.05,-0.10,529.0
98/09/22,1373.0,23233.0,17.05,17.1,16.8,16.85,-0.20,510.0
98/09/23,1376.0,23172.0,17.05,17.1,16.6,16.7,-0.15,508.0
98/09/24,1308.0,21616.0,16.6,16.8,16.4,16.55,-0.15,494.0
98/09/25,552.0,9221.0,16.55,16.85,16.45,16.65,0.10,234.0
98/09/28,647.0,10693.0,16.65,16.8,16.45,16.45,-0.20,320.0
98/09/29,824.0,13636.0,16.5,16.75,16.5,16.6,0.15,287.0
98/09/30,926.0,15416.0,16.7,16.75,16.6,16.6,0.00,327.0
98/10/01,906.0,15067.0,16.6,16.8,16.55,16.6,0.00,321.0
98/10/02,1247.0,20451.0,16.6,16.6,16.3,16.3,-0.30,428.0
98/10/05,1019.0,16523.0,16.3,16.45,16.1,16.2,-0.10,415.0
98/10/06,1118.0,18299.0,16.3,16.5,16.25,16.45,0.25,381.0
98/10/07,5017.0,86141.0,16.55,17.45,16.55,17.35,0.90,1589.0
98/10/08,2721.0,46954.0,17.45,17.5,17.0,17.0,-0.35,949.0
98/10/09,2156.0,37032.0,17.1,17.4,17.05,17.1,0.10,685.0
98/10/12,1879.0,32165.0,17.25,17.4,16.7,16.7,-0.40,590.0
98/10/13,1935.0,32502.0,16.75,16.95,16.65,16.85,0.15,548.0
98/10/14,3430.0,57566.0,16.9,17.0,16.7,16.8,-0.05,766.0
98/10/15,2187.0,37100.0,17.0,17.15,16.8,16.8,0.00,709.0
98/10/16,817.0,13776.0,16.8,17.0,16.8,16.85,0.05,293.0
98/10/19,1014.0,17238.0,16.85,17.15,16.8,17.05,0.20,349.0
98/10/20,1862.0,31572.0,17.15,17.15,16.85,16.9,-0.15,452.0
98/10/21,1131.0,18909.0,16.9,16.9,16.6,16.6,-0.30,381.0
98/10/22,2128.0,35164.0,16.6,16.8,16.3,16.3,-0.30,607.0
98/10/23,1106.0,18198.0,16.4,16.6,16.4,16.45,0.15,334.0
98/10/26,1032.0,16889.0,16.55,16.6,16.3,16.35,-0.10,397.0
98/10/27,1047.0,17044.0,16.35,16.5,16.2,16.25,-0.10,365.0
98/10/28,1590.0,26179.0,16.25,16.7,16.25,16.35,0.10,619.0
98/10/29,2736.0,43126.0,16.35,16.45,15.3,15.8,-0.55,1109.0
98/10/30,1084.0,17089.0,16.1,16.15,15.6,15.6,-0.20,396.0
98/11/02,1468.0,22414.0,15.3,15.4,15.1,15.2,-0.40,576.0
98/11/03,2405.0,36164.0,15.3,15.4,14.8,14.95,-0.25,678.0
98/11/04,15079.0,226978.0,14.95,15.5,14.65,15.1,0.15,2651.0
98/11/05,3312.0,50046.0,15.2,15.25,15.0,15.05,-0.05,956.0
98/11/06,5323.0,82768.0,15.25,15.9,15.15,15.7,0.65,1483.0
98/11/09,2508.0,39422.0,16.0,16.05,15.5,15.5,-0.20,782.0
98/11/10,1962.0,30851.0,15.7,15.8,15.65,15.75,0.25,526.0
98/11/11,1835.0,28794.0,15.75,15.95,15.55,15.6,-0.15,502.0
98/11/12,4407.0,69667.0,15.7,16.05,15.65,15.7,0.10,1121.0
98/11/13,3290.0,51047.0,15.7,15.8,15.4,15.4,-0.30,729.0
98/11/16,1562.0,24370.0,15.5,15.75,15.4,15.6,0.20,566.0
98/11/17,2275.0,35616.0,15.8,15.8,15.5,15.5,-0.10,508.0
98/11/18,10830.0,177397.0,15.7,16.55,15.6,16.55,1.05,2605.0
98/11/19,5076.0,83424.0,16.55,16.65,16.25,16.4,-0.15,1311.0
98/11/20,3197.0,52140.0,16.2,16.45,16.2,16.3,-0.10,736.0
98/11/23,2691.0,43377.0,16.1,16.35,16.0,16.0,-0.30,761.0
98/11/24,7884.0,130441.0,16.0,16.9,16.0,16.9,0.90,2060.0
98/11/25,8943.0,147710.0,16.9,16.9,16.25,16.5,-0.40,2276.0
98/11/26,12848.0,218521.0,16.5,17.3,16.5,16.75,0.25,3158.0
98/11/27,6606.0,107790.0,16.5,16.55,16.05,16.05,-0.70,1644.0
98/11/30,3650.0,60058.0,16.2,16.85,16.2,16.85,0.80,1015.0
98/12/01,16903.0,301792.0,16.85,18.0,16.8,18.0,1.15,3920.0
98/12/02,22185.0,410496.0,18.6,18.85,18.0,18.2,0.20,5639.0
98/12/03,6586.0,119985.0,18.55,18.65,17.85,18.0,-0.20,2182.0
98/12/04,4923.0,89284.0,18.0,18.4,17.85,18.0,0.00,1746.0
98/12/07,7562.0,140547.0,18.5,18.85,18.25,18.5,0.50,2134.0
98/12/08,11465.0,218650.0,18.6,19.4,18.6,19.0,0.50,3104.0
98/12/09,9456.0,182061.0,18.9,19.7,18.85,18.95,-0.05,2791.0
98/12/10,10876.0,197962.0,19.2,19.2,17.7,17.85,-1.10,3296.0
98/12/11,14091.0,265309.0,18.15,19.05,18.15,19.05,1.20,3860.0
98/12/14,11632.0,224986.0,19.2,19.65,19.05,19.05,0.00,3304.0
98/12/15,5803.0,109419.0,19.4,19.45,18.65,18.65,-0.40,1692.0
98/12/16,3845.0,71553.0,18.65,18.95,18.35,18.6,-0.05,1119.0
98/12/17,5553.0,102097.0,18.8,18.85,18.1,18.1,-0.50,1701.0
98/12/18,2873.0,52400.0,18.0,18.45,18.0,18.35,0.25,1043.0
98/12/21,1936.0,35417.0,18.35,18.55,18.1,18.15,-0.20,659.0
98/12/22,3535.0,65513.0,18.4,18.7,18.35,18.4,0.25,1165.0
98/12/23,2617.0,48193.0,18.6,18.65,18.3,18.35,-0.05,762.0
98/12/24,3943.0,73511.0,18.55,18.9,18.4,18.5,0.15,1201.0
98/12/25,2725.0,50503.0,18.55,18.7,18.4,18.5,0.00,803.0
98/12/28,4811.0,90939.0,18.8,19.2,18.65,18.8,0.30,1295.0
98/12/29,2661.0,50083.0,18.9,19.0,18.7,18.7,-0.10,781.0
98/12/30,5165.0,98224.0,18.8,19.2,18.8,18.9,0.20,1459.0
98/12/31,10242.0,197658.0,19.2,19.75,19.0,19.75,0.85,2748.0
99/01/04,20680.0,433793.0,20.5,21.1,20.5,21.1,1.35,4950.0
99/01/05,20640.0,439219.0,21.5,21.8,20.3,20.9,-0.20,5292.0
99/01/06,9653.0,204053.0,21.0,21.5,20.55,20.9,0.00,2227.0
99/01/07,10141.0,214294.0,21.0,21.6,20.8,20.9,0.00,2700.0
99/01/08,16604.0,358983.0,21.3,22.0,21.2,21.5,0.60,4487.0
99/01/11,15171.0,334741.0,21.8,22.5,21.6,21.6,0.10,4016.0
99/01/12,7268.0,154282.0,21.7,21.8,20.85,21.0,-0.60,2196.0
99/01/13,7728.0,157600.0,20.85,20.95,20.05,20.2,-0.80,2217.0
99/01/14,7542.0,157402.0,20.6,21.2,20.4,20.9,0.70,2207.0
99/01/15,6904.0,147152.0,21.0,21.6,21.0,21.3,0.40,1955.0
99/01/18,4129.0,87517.0,21.3,21.4,21.0,21.0,-0.30,1230.0
99/01/19,8155.0,174225.0,21.3,21.8,21.05,21.3,0.30,1891.0
99/01/20,6793.0,146410.0,21.5,21.8,21.3,21.4,0.10,1892.0
99/01/21,8065.0,170478.0,21.4,21.7,20.5,20.65,-0.75,2151.0
99/01/22,6466.0,128978.0,20.0,20.25,19.7,19.95,-0.70,1893.0
99/01/25,4821.0,95179.0,19.4,20.15,19.35,19.7,-0.25,1335.0
99/01/26,6462.0,121869.0,19.75,20.0,18.35,18.35,-1.35,2030.0
99/01/27,6033.0,108354.0,18.5,18.8,17.15,17.6,-0.75,1631.0
99/01/28,4226.0,77471.0,17.8,18.6,17.7,18.6,1.00,1333.0
99/01/29,6510.0,122932.0,18.3,19.35,18.05,19.05,0.45,1902.0
99/02/01,3576.0,68777.0,19.35,19.5,18.8,19.45,0.40,1139.0
99/02/02,4467.0,84690.0,19.65,19.85,18.2,18.55,-0.90,1514.0
99/02/03,2867.0,52439.0,18.8,18.85,17.95,18.55,0.00,998.0
99/02/04,2192.0,41379.0,18.55,19.2,18.45,18.9,0.35,803.0
99/02/05,3963.0,71316.0,18.4,18.5,17.7,17.7,-1.20,1378.0
99/02/06,3427.0,60291.0,17.8,18.2,16.65,17.95,0.25,1072.0
99/02/08,1414.0,25569.0,18.1,18.2,17.8,18.15,0.20,528.0
99/02/09,2788.0,51240.0,18.3,18.65,17.95,18.5,0.35,727.0
99/02/10,5078.0,97056.0,18.7,19.4,18.7,19.25,0.75,1426.0
99/02/22,10063.0,204332.0,20.0,20.55,19.8,20.55,1.30,2438.0
99/02/23,9050.0,186738.0,20.55,20.9,20.35,20.75,0.20,2305.0
99/02/24,3588.0,73108.0,20.5,20.65,20.2,20.2,-0.55,952.0
99/02/25,4163.0,82752.0,20.2,20.3,19.5,19.6,-0.60,1189.0
99/02/26,5838.0,116446.0,19.6,20.2,19.4,20.2,0.60,1625.0
99/03/01,10220.0,214205.0,20.55,21.3,20.5,21.15,0.95,2660.0
99/03/02,10592.0,226126.0,21.3,21.65,21.0,21.2,0.05,2732.0
99/03/03,3951.0,84025.0,21.5,21.6,21.05,21.05,-0.15,1108.0
99/03/04,4700.0,99021.0,21.1,21.55,20.55,20.65,-0.40,1468.0
99/03/05,3121.0,64484.0,20.8,21.0,20.5,20.5,-0.15,971.0
99/03/08,1883.0,38913.0,20.8,20.9,20.55,20.6,0.10,655.0
99/03/09,3344.0,69428.0,20.6,21.05,20.55,20.65,0.05,1002.0
99/03/10,6240.0,131934.0,20.9,21.5,20.5,21.3,0.65,1985.0
99/03/11,16479.0,359916.0,21.3,22.3,21.3,21.5,0.20,4331.0
99/03/12,7517.0,163644.0,21.55,22.1,21.35,21.5,0.00,2080.0
99/03/15,4194.0,90199.0,21.8,21.8,21.05,21.1,-0.40,1313.0
99/03/16,4257.0,90226.0,21.2,21.45,20.9,21.35,0.25,1306.0
99/03/17,18590.0,420764.0,21.8,22.8,21.65,22.8,1.45,3918.0
99/03/18,23329.0,556378.0,23.9,24.35,23.0,23.1,0.30,5869.0
99/03/19,10016.0,236078.0,23.25,23.9,23.1,23.6,0.50,2879.0
99/03/22,6024.0,141583.0,23.5,23.9,23.1,23.75,0.15,1991.0
99/03/23,14115.0,333171.0,23.95,24.3,22.8,22.8,-0.95,3517.0
99/03/24,7628.0,177784.0,23.1,23.65,23.05,23.35,0.55,2032.0
99/03/25,7617.0,175724.0,23.35,23.45,22.6,23.4,0.05,2085.0
99/03/26,3782.0,87942.0,23.5,23.5,23.0,23.0,-0.40,1178.0
99/03/29,5802.0,135712.0,23.3,23.6,23.0,23.3,0.30,1684.0
99/03/30,5063.0,119336.0,23.6,23.8,23.3,23.3,0.00,1562.0
99/03/31,2943.0,68133.0,23.5,23.5,23.0,23.0,-0.30,935.0
99/04/01,4215.0,96311.0,23.0,23.2,22.6,22.85,-0.15,1349.0
99/04/02,4337.0,99663.0,22.85,23.3,22.65,23.0,0.15,1431.0
99/04/06,3410.0,78453.0,23.4,23.4,22.75,22.85,-0.15,1065.0
99/04/07,6579.0,146778.0,22.9,22.95,22.0,22.25,-0.60,2279.0
99/04/08,6610.0,145733.0,22.0,22.5,21.65,22.0,-0.25,2248.0
99/04/09,4770.0,105853.0,22.0,22.65,21.7,22.65,0.65,1731.0
99/04/12,13415.0,314140.0,23.0,24.1,22.85,24.1,1.45,3680.0
99/04/13,23289.0,575330.0,24.3,25.3,24.0,24.0,-0.10,5998.0
99/04/14,14086.0,350240.0,24.5,25.2,24.5,24.95,0.95,3709.0
99/04/15,12112.0,312653.0,25.3,26.3,25.1,25.75,0.80,3668.0
99/04/16,6778.0,173269.0,25.9,26.1,25.1,25.3,-0.45,2133.0
99/04/19,7812.0,188825.0,24.9,25.2,23.55,23.55,-1.75,2262.0
99/04/20,7554.0,173743.0,23.7,23.75,22.3,23.1,-0.45,2063.0
99/04/21,2969.0,69705.0,23.4,23.7,23.1,23.5,0.40,947.0
99/04/22,1805.0,42015.0,23.55,23.7,23.0,23.25,-0.25,729.0
99/04/23,4710.0,112156.0,23.25,24.15,23.25,24.0,0.75,1559.0
99/04/26,3184.0,77283.0,24.4,24.5,24.15,24.15,0.15,891.0
99/04/27,2773.0,66746.0,24.5,24.5,23.65,23.85,-0.30,925.0
99/04/28,3547.0,82093.0,22.8,23.5,22.8,23.5,-0.35,1122.0
99/04/29,3087.0,71438.0,23.5,23.5,22.95,23.4,-0.10,988.0
99/04/30,3835.0,87606.0,23.15,23.45,22.3,22.4,-1.00,1442.0
99/05/03,2458.0,54979.0,22.0,22.7,21.95,22.5,0.10,823.0
99/05/04,2363.0,52931.0,22.8,23.0,22.1,22.2,-0.30,699.0
99/05/05,6830.0,142636.0,21.4,21.7,20.65,20.65,-1.55,1946.0
99/05/06,4466.0,90072.0,20.65,21.0,19.6,19.8,-0.85,1455.0
99/05/07,11051.0,212991.0,19.0,20.1,18.6,20.1,0.30,2302.0
99/05/10,3684.0,73785.0,20.1,20.5,19.6,20.5,0.40,1143.0
99/05/11,4750.0,97509.0,20.8,21.2,19.8,20.0,-0.50,1483.0
99/05/12,4098.0,81069.0,20.4,20.4,19.4,19.45,-0.55,1415.0
99/05/13,2329.0,46461.0,19.7,20.1,19.7,20.0,0.55,785.0
99/05/14,1531.0,30703.0,20.0,20.3,19.8,19.95,-0.05,611.0
99/05/17,2078.0,40629.0,19.75,19.8,19.35,19.35,-0.60,657.0
99/05/18,1057.0,20457.0,19.4,19.55,19.1,19.35,0.00,398.0
99/05/19,2182.0,41604.0,19.3,19.35,18.85,19.25,-0.10,717.0
99/05/20,2776.0,51604.0,19.2,19.2,18.15,18.15,-1.10,1064.0
99/05/21,5951.0,101133.0,17.0,17.3,16.9,17.0,-1.15,1594.0
99/05/24,5246.0,91008.0,17.2,17.85,16.95,17.85,0.85,1375.0
99/05/25,2491.0,43436.0,17.6,17.7,17.15,17.45,-0.40,786.0
99/05/26,3143.0,56782.0,17.55,18.65,17.3,18.65,1.20,998.0
99/05/27,2547.0,47941.0,18.4,19.0,18.3,19.0,0.35,913.0
99/05/28,1862.0,35711.0,19.2,19.45,18.7,18.8,-0.20,689.0
99/05/31,2300.0,43122.0,18.8,19.15,18.35,19.1,0.30,697.0
99/06/01,1145.0,21471.0,18.9,19.0,18.55,18.65,-0.45,460.0
99/06/02,1013.0,18674.0,18.4,18.75,18.1,18.1,-0.55,482.0
99/06/03,1635.0,30449.0,19.0,19.0,18.45,18.5,0.40,637.0
99/06/04,803.0,14839.0,18.4,18.65,18.35,18.4,-0.10,323.0
99/06/07,4772.0,86726.0,17.5,19.35,17.25,18.95,0.55,1943.0
99/06/08,1133.0,21195.0,18.8,19.0,18.5,18.5,-0.45,527.0
99/06/09,1125.0,20569.0,18.6,18.85,17.8,18.1,-0.40,490.0
99/06/10,683.0,12389.0,18.1,18.3,17.95,18.2,0.10,285.0
99/06/11,1910.0,35558.0,18.45,18.85,18.35,18.4,0.20,909.0
99/06/14,1380.0,25299.0,18.3,18.6,18.2,18.4,0.00,587.0
99/06/15,1434.0,26587.0,18.5,18.7,18.4,18.5,0.10,655.0
99/06/17,1454.0,26836.0,18.8,18.8,18.3,18.35,-0.15,634.0
99/06/18,1019.0,18650.0,18.35,18.55,18.05,18.05,-0.30,506.0
99/06/21,2121.0,39125.0,18.15,18.65,18.15,18.65,0.60,812.0
99/06/22,2182.0,40807.0,18.6,18.95,18.5,18.55,-0.10,747.0
99/06/23,1327.0,24405.0,18.55,18.55,18.25,18.35,-0.20,538.0
99/06/24,1822.0,34010.0,18.35,18.85,18.35,18.75,0.40,641.0
99/06/25,973.0,17987.0,18.4,18.75,18.35,18.35,-0.40,393.0
99/06/28,1306.0,23930.0,18.65,18.65,18.2,18.2,-0.15,415.0
99/06/29,2230.0,40092.0,18.3,18.4,17.8,17.8,-0.40,896.0
99/06/30,4277.0,72654.0,17.3,17.4,16.8,16.95,-0.85,1458.0
99/07/01,6638.0,109028.0,16.9,16.95,16.0,16.1,-0.85,1946.0
99/07/02,7327.0,118580.0,16.3,16.65,16.0,16.6,0.50,1738.0
99/07/05,2905.0,47712.0,16.55,16.6,16.3,16.4,-0.20,688.0
99/07/06,3228.0,53450.0,16.4,16.7,16.35,16.5,0.10,860.0
99/07/07,3668.0,60620.0,16.6,16.75,16.4,16.4,-0.10,776.0
99/07/08,3344.0,55863.0,16.7,16.85,16.55,16.75,0.35,897.0
99/07/09,4366.0,74991.0,16.95,17.3,16.9,17.1,0.35,1250.0
99/07/12,1990.0,34011.0,17.2,17.3,16.9,16.9,-0.20,595.0
99/07/13,3709.0,61573.0,16.9,17.0,16.45,16.5,-0.40,961.0
99/07/14,1442.0,24028.0,16.8,16.8,16.6,16.65,0.15,455.0
99/07/15,1794.0,29921.0,16.8,16.85,16.55,16.6,-0.05,550.0
99/07/16,2009.0,33350.0,16.55,16.9,16.45,16.55,-0.05,662.0
99/07/19,1838.0,30611.0,16.55,16.8,16.4,16.75,0.20,702.0
99/07/20,2182.0,36226.0,16.75,16.75,16.5,16.55,-0.20,668.0
99/07/21,8016.0,137804.0,16.6,17.7,16.55,17.25,0.70,2092.0
99/07/22,2776.0,47820.0,17.35,17.4,17.1,17.2,-0.05,819.0
99/07/23,4965.0,87088.0,17.3,17.8,17.3,17.55,0.35,1460.0
99/07/26,7394.0,134259.0,17.65,18.55,17.6,18.2,0.65,2060.0
99/07/27,2476.0,44383.0,18.2,18.2,17.8,17.8,-0.40,793.0
99/07/28,3504.0,62239.0,17.8,18.1,17.55,17.6,-0.20,888.0
99/07/29,2280.0,40121.0,17.6,17.8,17.4,17.75,0.15,707.0
99/07/30,3461.0,61268.0,17.75,17.9,17.5,17.5,-0.25,783.0
99/08/02,3071.0,54462.0,17.7,17.9,17.65,17.7,0.20,809.0
99/08/03,20880.0,389454.0,17.9,18.9,17.8,18.9,1.20,3653.0
99/08/04,27492.0,534800.0,18.8,20.15,18.8,19.75,0.85,5848.0
99/08/05,19252.0,390602.0,20.1,21.1,19.5,20.0,0.25,5379.0
99/08/06,6859.0,137329.0,20.0,20.4,19.55,20.1,0.10,2247.0
99/08/09,12316.0,254729.0,20.1,21.2,20.1,20.5,0.40,3424.0
99/08/10,8552.0,171278.0,20.65,20.7,19.6,19.85,-0.65,2769.0
99/08/11,4231.0,83803.0,19.8,20.25,19.5,19.5,-0.35,1443.0
99/08/12,3611.0,70893.0,19.2,19.9,19.2,19.65,0.15,1058.0
99/08/13,4733.0,92747.0,19.65,19.9,19.35,19.55,-0.10,1334.0
99/08/16,4216.0,83692.0,19.55,20.2,19.3,19.65,0.10,1423.0
99/08/17,8896.0,178913.0,19.9,20.5,19.7,19.9,0.25,2607.0
99/08/18,4108.0,82155.0,20.2,20.25,19.7,19.7,-0.20,1339.0
99/08/19,6027.0,117259.0,19.7,19.9,19.0,19.45,-0.25,2082.0
99/08/20,4423.0,87920.0,19.65,20.2,19.5,19.75,0.30,1520.0
99/08/23,6965.0,141322.0,19.75,21.0,19.6,21.0,1.25,2126.0
99/08/24,16996.0,368463.0,21.1,22.05,21.1,21.7,0.70,4961.0
99/08/25,7144.0,148469.0,21.5,21.5,20.25,20.25,-1.45,2267.0
99/08/26,5219.0,103560.0,20.25,20.6,19.5,19.55,-0.70,1558.0
99/08/27,2706.0,53245.0,19.5,20.0,19.35,19.75,0.20,935.0
99/08/30,2577.0,51055.0,19.95,20.2,19.45,19.45,-0.30,882.0
99/08/31,3625.0,69036.0,19.55,19.65,18.65,18.7,-0.75,1218.0
99/09/01,2623.0,49262.0,18.8,19.1,18.6,18.75,0.05,903.0
99/09/02,2553.0,48435.0,19.05,19.2,18.85,19.0,0.25,701.0
99/09/03,5682.0,111528.0,19.1,19.95,19.1,19.9,0.90,1735.0
99/09/06,2690.0,53563.0,20.0,20.15,19.7,20.0,0.10,916.0
99/09/07,7742.0,159455.0,20.2,20.95,20.1,20.45,0.45,2496.0
99/09/08,4012.0,81099.0,20.45,20.6,19.9,20.3,-0.15,1301.0
99/09/09,3349.0,67103.0,20.5,20.55,19.6,20.05,-0.25,1216.0
99/09/10,3049.0,60189.0,20.2,20.25,19.5,19.5,-0.55,1087.0
99/09/13,3337.0,65630.0,19.65,20.0,19.3,19.7,0.20,981.0
99/09/14,2767.0,54790.0,19.8,20.1,19.55,19.95,0.25,836.0
99/09/15,1958.0,38799.0,20.0,20.1,19.7,19.7,-0.25,642.0
99/09/16,2649.0,52088.0,19.85,19.95,19.4,19.4,-0.30,715.0
99/09/17,4282.0,84905.0,19.5,20.0,19.5,19.85,0.45,1349.0
99/09/20,4937.0,99900.0,20.0,20.45,20.0,20.2,0.35,1503.0
99/09/21,4206.0,85425.0,20.4,20.65,20.0,20.1,-0.10,1170.0
99/09/23,16341.0,342666.0,20.4,21.4,20.1,21.05,0.95,4056.0
99/09/24,24854.0,541131.0,21.5,22.0,21.3,22.0,0.95,6462.0
99/09/27,21767.0,484555.0,22.25,22.75,21.8,22.05,0.05,6207.0
99/09/28,6812.0,149674.0,22.25,22.25,21.8,21.8,-0.25,2183.0
99/09/29,10466.0,231176.0,21.9,22.4,21.6,22.1,0.30,3500.0
99/09/30,4350.0,94589.0,22.2,22.2,21.5,21.5,-0.60,1674.0
99/10/01,2770.0,59943.0,21.5,21.85,21.5,21.55,0.05,1140.0
99/10/04,5321.0,114211.0,21.55,22.0,21.05,21.05,-0.50,1758.0
99/10/05,3107.0,65473.0,21.05,21.35,20.85,21.05,0.00,1217.0
99/10/06,4752.0,102312.0,21.3,21.8,21.2,21.3,0.25,1920.0
99/10/07,2451.0,52265.0,21.5,21.7,21.05,21.05,-0.25,973.0
99/10/08,2486.0,52247.0,21.15,21.25,20.85,20.9,-0.15,873.0
99/10/11,6858.0,147117.0,21.0,21.9,20.75,21.9,1.00,2248.0
99/10/12,7836.0,171114.0,22.0,22.45,20.8,21.1,-0.80,2358.0
99/10/13,3149.0,66875.0,21.2,21.55,21.0,21.55,0.45,1091.0
99/10/14,4997.0,109206.0,21.7,22.2,21.55,21.8,0.25,1534.0
99/10/15,15541.0,347157.0,21.85,22.6,21.85,22.55,0.75,4114.0
99/10/18,14714.0,334954.0,22.7,23.2,22.25,22.6,0.05,4305.0
99/10/19,5065.0,113596.0,22.6,22.75,22.25,22.4,-0.20,1362.0
99/10/20,4228.0,94540.0,22.15,22.65,22.05,22.25,-0.15,1138.0
99/10/21,3285.0,73329.0,22.4,22.6,22.15,22.15,-0.10,966.0
99/10/22,7112.0,162284.0,22.5,23.1,22.45,22.75,0.60,2305.0
99/10/25,5309.0,120797.0,22.95,23.0,22.55,22.6,-0.15,1394.0
99/10/26,17846.0,423367.0,22.9,24.15,22.65,24.15,1.55,4596.0
99/10/27,12946.0,312186.0,24.3,24.4,23.6,23.7,-0.45,3289.0
99/10/28,4578.0,108486.0,23.7,23.9,23.55,23.6,-0.10,1318.0
99/10/29,9896.0,227885.0,23.5,23.8,22.5,22.5,-1.10,2578.0
99/11/01,8813.0,193259.0,22.3,22.5,21.6,21.7,-0.80,2595.0
99/11/02,6965.0,155983.0,21.7,22.8,21.7,22.15,0.45,1979.0
99/11/03,5178.0,114006.0,22.5,22.7,21.7,21.7,-0.45,1402.0
99/11/04,3545.0,77381.0,21.75,22.25,21.7,21.7,0.00,1024.0
99/11/05,6190.0,138564.0,22.0,22.65,21.9,22.6,0.90,1600.0
99/11/08,4985.0,113694.0,23.0,23.1,22.55,22.65,0.05,1319.0
99/11/09,14688.0,345784.0,22.65,23.95,22.65,23.9,1.25,3852.0
99/11/10,17202.0,418939.0,23.9,24.8,23.8,23.9,0.00,4885.0
99/11/11,6468.0,155111.0,24.2,24.35,23.65,24.0,0.10,1757.0
99/11/12,6683.0,156643.0,24.0,24.0,22.9,23.0,-1.00,1772.0
99/11/15,9928.0,221427.0,23.0,23.3,21.9,22.2,-0.80,2593.0
99/11/16,6369.0,142504.0,22.2,22.6,22.05,22.4,0.20,1772.0
99/11/17,7433.0,168779.0,22.3,23.0,22.15,22.9,0.50,2154.0
99/11/18,5074.0,116911.0,22.9,23.3,22.75,22.9,0.00,1463.0
99/11/19,8309.0,194333.0,23.2,23.8,23.0,23.0,0.10,2330.0
99/11/22,3826.0,88791.0,23.5,23.5,23.0,23.15,0.15,1090.0
99/11/23,4876.0,111025.0,23.15,23.25,22.55,22.55,-0.60,1396.0
99/11/24,2899.0,65895.0,22.3,22.95,22.3,22.85,0.30,971.0
99/11/25,2573.0,58950.0,22.95,23.1,22.7,22.7,-0.15,775.0
99/11/26,4249.0,95670.0,22.9,23.1,22.25,22.25,-0.45,1481.0
99/11/29,3579.0,80421.0,22.5,22.7,22.3,22.4,0.15,1007.0
99/11/30,4855.0,108847.0,22.4,22.95,22.15,22.95,0.55,1451.0
99/12/01,8278.0,192692.0,22.85,23.65,22.7,23.2,0.25,2286.0
99/12/02,3969.0,92662.0,23.6,23.65,23.1,23.35,0.15,1107.0
99/12/03,3384.0,78070.0,23.4,23.5,22.8,22.85,-0.50,1037.0
99/12/06,2159.0,49779.0,23.2,23.2,22.9,23.1,0.25,684.0
99/12/07,6147.0,144797.0,23.3,23.8,23.1,23.5,0.40,1876.0
99/12/08,10560.0,252553.0,23.7,24.15,23.6,23.8,0.30,2562.0
99/12/09,14290.0,348837.0,24.1,24.75,24.0,24.1,0.30,3424.0
99/12/10,5133.0,122360.0,24.3,24.3,23.65,23.75,-0.35,1408.0
99/12/13,5302.0,128185.0,24.0,24.4,23.85,23.95,0.20,1492.0
99/12/14,16582.0,413325.0,24.35,25.3,24.3,24.6,0.65,3990.0
99/12/15,11756.0,296223.0,24.95,25.45,24.8,25.25,0.65,3060.0
99/12/16,5610.0,141206.0,25.3,25.5,24.85,25.0,-0.25,1681.0
99/12/17,5672.0,141656.0,25.25,25.4,24.65,24.7,-0.30,1495.0
99/12/20,9573.0,243314.0,24.9,25.8,24.85,25.4,0.70,2474.0
99/12/21,15778.0,414657.0,25.7,26.7,25.7,26.3,0.90,4136.0
99/12/22,7225.0,189656.0,26.5,26.7,25.95,26.0,-0.30,1752.0
99/12/23,12789.0,346368.0,26.6,27.45,26.3,27.4,1.40,3411.0
99/12/24,11216.0,303984.0,27.5,27.6,26.85,27.0,-0.40,4831.0
99/12/27,14744.0,410377.0,27.4,28.3,27.0,28.15,1.15,3849.0
99/12/28,8193.0,227132.0,28.15,28.25,27.3,27.45,-0.70,2646.0
99/12/29,8414.0,226485.0,27.8,27.8,26.5,26.75,-0.70,2272.0
99/12/30,4740.0,128340.0,26.8,27.25,26.8,27.0,0.25,1359.0
99/12/31,5906.0,161756.0,27.0,27.85,27.0,27.15,0.15,1775.0
100/01/03,8229.0,227715.0,27.8,28.1,27.35,27.6,0.45,2254.0
100/01/04,10843.0,294161.0,28.0,28.0,26.8,26.85,-0.75,3012.0
100/01/05,7907.0,209196.0,27.0,27.2,26.0,26.0,-0.85,2615.0
100/01/06,5674.0,148864.0,26.2,26.45,25.95,26.25,0.25,1471.0
100/01/07,5665.0,145769.0,26.25,26.3,25.25,25.6,-0.65,1714.0
100/01/10,3472.0,89681.0,25.6,26.2,25.45,26.2,0.60,1161.0
100/01/11,2791.0,72801.0,26.1,26.3,25.9,26.0,-0.20,875.0
100/01/12,2606.0,68011.0,26.2,26.3,25.85,26.25,0.25,845.0
100/01/13,4960.0,131903.0,26.55,26.8,26.25,26.6,0.35,1523.0
100/01/14,3154.0,83745.0,26.6,26.7,26.3,26.6,0.00,909.0
100/01/17,4253.0,113390.0,26.8,26.85,26.5,26.65,0.05,1458.0
100/01/18,2731.0,72487.0,26.65,26.8,26.3,26.45,-0.20,843.0
100/01/19,4727.0,123206.0,26.75,26.75,25.8,25.85,-0.60,1437.0
100/01/20,3402.0,88381.0,26.0,26.35,25.7,26.35,0.50,1346.0
100/01/21,4011.0,103486.0,26.25,26.25,25.6,25.7,-0.65,1674.0
100/01/24,1928.0,49243.0,25.5,25.9,25.45,25.55,-0.15,622.0
100/01/25,2565.0,66559.0,25.7,26.2,25.55,25.95,0.40,877.0
100/01/26,8229.0,222098.0,26.25,27.4,26.1,26.85,0.90,2439.0
100/01/27,3559.0,95923.0,26.95,27.15,26.85,26.95,0.10,1127.0
100/01/28,1974.0,52937.0,27.05,27.15,26.65,26.7,-0.25,747.0
100/02/08,18485.0,518067.0,27.4,28.55,27.3,28.55,1.85,4833.0
100/02/09,16879.0,490793.0,28.8,29.5,28.55,28.95,0.40,4580.0
100/02/10,19267.0,575514.0,29.6,30.2,29.45,29.85,0.90,5301.0
100/02/11,11634.0,336275.0,30.0,30.1,27.9,28.4,-1.45,3497.0
100/02/14,8742.0,255852.0,28.85,29.7,28.65,29.25,0.85,2816.0
100/02/15,12347.0,369129.0,29.25,30.35,29.0,29.9,0.65,3730.0
100/02/16,8170.0,241138.0,30.1,30.2,28.85,29.2,-0.70,2818.0
100/02/17,6378.0,183804.0,29.0,29.3,28.5,28.8,-0.40,1912.0
100/02/18,9071.0,268154.0,29.25,29.9,29.2,29.75,0.95,2714.0
100/02/21,8926.0,280480.0,30.3,31.8,30.3,31.8,2.05,2221.0
100/02/22,30987.0,996929.0,32.0,32.75,31.3,32.1,0.30,9541.0
100/02/23,13415.0,418033.0,31.7,32.3,30.35,30.6,-1.50,4564.0
100/02/24,8007.0,248018.0,30.6,31.45,30.1,31.15,0.55,3178.0
100/02/25,7029.0,218843.0,31.5,31.9,30.5,31.0,-0.15,2667.0
100/03/01,4267.0,133110.0,31.2,31.5,31.0,31.2,0.20,1739.0
100/03/02,9138.0,290879.0,31.0,32.3,31.0,31.55,0.35,3128.0
100/03/03,6739.0,210716.0,31.85,31.85,31.1,31.2,-0.35,2352.0
100/03/04,7859.0,243517.0,31.2,31.6,30.55,30.55,-0.65,2337.0
100/03/07,6420.0,195247.0,30.5,30.95,30.0,30.8,0.25,2341.0
100/03/08,14350.0,457163.0,31.0,32.2,31.0,31.9,1.10,4932.0
100/03/09,20398.0,675464.0,32.4,33.8,32.4,33.0,1.10,7429.0
100/03/10,8117.0,265588.0,33.3,33.5,32.25,32.7,-0.30,3473.0
100/03/11,7408.0,236721.0,32.05,32.45,31.5,32.3,-0.40,2864.0
100/03/14,8658.0,282608.0,33.0,33.75,31.75,32.25,-0.05,3432.0
100/03/15,12267.0,377312.0,32.0,32.45,30.0,30.3,-1.95,4477.0
100/03/16,12338.0,368951.0,31.0,31.1,28.9,29.95,-0.35,4189.0
100/03/17,5626.0,164573.0,29.0,29.85,28.55,29.2,-0.75,2245.0
100/03/18,5801.0,174734.0,29.9,30.4,29.65,30.0,0.80,2424.0
100/03/21,3518.0,107245.0,30.35,30.75,30.1,30.5,0.50,1483.0
100/03/22,5357.0,166972.0,30.9,31.5,30.7,31.4,0.90,2153.0
100/03/23,4311.0,135466.0,31.4,31.85,31.1,31.15,-0.25,1659.0
100/03/24,3754.0,116380.0,31.5,31.55,30.8,30.85,-0.30,1360.0
100/03/25,3059.0,94140.0,31.3,31.3,30.5,30.6,-0.25,1180.0
100/03/28,3021.0,91978.0,30.7,30.95,30.15,30.2,-0.40,1124.0
100/03/29,3469.0,104829.0,30.2,30.5,29.9,30.5,0.30,1269.0
100/03/30,4964.0,153575.0,30.6,31.3,30.5,30.7,0.20,1892.0
100/03/31,3436.0,105029.0,30.7,31.0,30.3,30.3,-0.40,1118.0
100/04/01,2918.0,88517.0,30.3,30.7,30.2,30.2,-0.10,1086.0
100/04/06,2881.0,87386.0,30.45,30.7,30.2,30.25,0.05,1085.0
100/04/07,3349.0,102186.0,30.3,30.8,30.3,30.5,0.25,1057.0
100/04/08,15918.0,507200.0,31.05,32.35,31.05,32.1,1.60,5328.0
100/04/11,11455.0,372304.0,32.5,33.1,32.05,32.4,0.30,3943.0
100/04/12,6432.0,203966.0,32.1,32.15,31.5,31.5,-0.90,2512.0
100/04/13,5125.0,162580.0,31.5,32.0,31.4,32.0,0.50,1765.0
100/04/14,4587.0,146709.0,32.1,32.45,31.7,31.85,-0.15,1611.0
100/04/15,6495.0,202852.0,31.85,31.95,30.9,30.9,-0.95,2370.0
100/04/18,4829.0,147902.0,30.8,31.0,30.45,30.65,-0.25,1555.0
100/04/19,3587.0,108428.0,30.4,30.45,30.0,30.25,-0.40,1581.0
100/04/20,3312.0,102346.0,30.8,31.2,30.5,31.2,0.95,1398.0
100/04/21,4403.0,137272.0,31.8,31.8,30.9,31.0,-0.20,1510.0
100/04/22,4244.0,132662.0,31.3,31.7,30.85,31.15,0.15,1443.0
100/04/25,8040.0,254961.0,31.15,32.1,31.1,31.9,0.75,2682.0
100/04/26,6118.0,194991.0,31.9,32.35,31.5,31.55,-0.35,1972.0
100/04/27,7298.0,233406.0,32.0,32.35,31.8,32.05,0.50,2383.0
100/04/28,4939.0,157217.0,32.2,32.3,31.55,31.6,-0.45,1746.0
100/04/29,22922.0,755519.0,31.8,33.75,31.7,33.1,1.50,7116.0
100/05/03,24010.0,826602.0,33.7,35.1,33.3,35.0,1.90,7536.0
100/05/04,23132.0,826333.0,35.5,36.4,34.8,35.3,0.30,8083.0
100/05/05,37574.0,1392937.0,35.8,37.75,35.5,37.75,2.45,10036.0
100/05/06,20405.0,774538.0,38.2,38.7,37.0,38.0,0.25,7749.0
100/05/09,11167.0,422580.0,38.6,38.85,37.2,37.5,-0.50,4127.0
100/05/10,12834.0,489373.0,37.5,38.85,37.5,37.85,0.35,4844.0
100/05/11,13154.0,486580.0,37.6,37.7,36.45,36.7,-1.15,4783.0
100/05/12,12305.0,463468.0,36.85,38.35,36.85,38.2,1.50,4768.0
100/05/13,16136.0,621872.0,38.5,39.6,37.6,37.95,-0.25,5725.0
100/05/16,4785.0,180843.0,37.95,38.2,37.4,37.5,-0.45,1879.0
100/05/17,8645.0,318312.0,37.5,37.9,36.15,36.65,-0.85,3127.0
100/05/18,11239.0,402822.0,36.3,36.8,35.3,35.8,-0.85,4018.0
100/05/19,6304.0,228568.0,36.0,36.7,35.9,36.35,0.55,2496.0
100/05/20,10256.0,380989.0,36.65,37.75,36.6,36.85,0.50,3891.0
100/05/23,7910.0,286404.0,36.8,37.05,35.8,35.85,-1.00,2929.0
100/05/24,12836.0,441506.0,35.4,35.5,33.65,34.6,-1.25,4591.0
100/05/25,5507.0,191803.0,34.5,35.15,34.15,34.85,0.25,2089.0
100/05/26,3713.0,130867.0,35.1,35.5,35.1,35.5,0.65,1868.0
100/05/27,3757.0,132721.0,35.55,35.75,35.05,35.05,-0.45,1474.0
100/05/30,2518.0,88605.0,35.05,35.45,34.85,35.1,0.05,1090.0
100/05/31,3290.0,117009.0,35.3,36.0,35.2,36.0,0.90,1256.0
100/06/01,4573.0,165980.0,36.2,36.75,36.0,36.15,0.15,1766.0
100/06/02,4250.0,150560.0,35.2,35.75,35.1,35.1,-1.05,1558.0
100/06/03,5971.0,211360.0,35.45,35.9,35.05,35.35,0.25,2319.0
100/06/07,4347.0,151934.0,35.4,35.6,34.7,34.9,-0.45,1582.0
100/06/08,5805.0,201762.0,34.9,35.3,34.35,35.2,0.30,2085.0
100/06/09,3399.0,118152.0,35.2,35.2,34.6,34.6,-0.60,1545.0
100/06/10,3480.0,120645.0,34.7,35.1,34.45,34.45,-0.15,1379.0
100/06/13,3283.0,111455.0,34.3,34.3,33.75,33.75,-0.70,1321.0
100/06/14,10294.0,363359.0,33.8,36.0,33.75,36.0,2.25,3845.0
100/06/15,6781.0,244270.0,36.45,36.5,35.55,35.8,-0.20,2799.0
100/06/16,5300.0,188952.0,35.2,36.15,35.05,35.4,-0.40,2027.0
100/06/17,3611.0,128947.0,35.55,36.2,35.2,35.25,-0.15,1610.0
100/06/20,8434.0,285032.0,35.4,35.6,32.8,32.8,-2.45,3235.0
100/06/21,8711.0,281948.0,32.8,33.3,32.0,32.5,-0.30,3106.0
100/06/22,7591.0,252056.0,32.9,33.9,32.55,32.8,0.30,2840.0
100/06/23,2275.0,75040.0,32.6,33.3,32.55,33.0,0.20,936.0
100/06/24,3658.0,118364.0,32.8,33.05,31.6,31.9,-1.10,1555.0
100/06/27,5573.0,180004.0,31.9,32.9,31.5,32.25,0.35,2068.0
100/06/28,2448.0,80237.0,32.5,33.0,32.5,32.6,0.35,1082.0
100/06/29,3782.0,124007.0,33.0,33.15,32.5,32.55,-0.05,1496.0
100/06/30,3179.0,104517.0,32.95,33.1,32.6,32.6,0.05,1288.0
100/07/01,10946.0,373974.0,33.0,34.85,32.9,34.85,2.25,3943.0
100/07/04,6280.0,220733.0,35.2,35.5,34.85,35.0,0.15,2273.0
100/07/05,5411.0,189271.0,35.0,35.4,34.35,35.05,0.05,2011.0
100/07/06,10886.0,392356.0,35.1,36.5,35.1,36.15,1.10,3860.0
100/07/07,5654.0,204539.0,36.6,36.6,35.8,36.0,-0.15,2086.0
100/07/08,6337.0,230414.0,36.4,36.9,35.85,35.9,-0.10,2272.0
100/07/11,5431.0,189844.0,35.6,36.0,34.5,34.5,-1.40,2395.0
100/07/12,8265.0,275126.0,33.9,34.2,32.65,33.0,-1.50,3408.0
100/07/13,3308.0,110368.0,33.0,33.6,33.0,33.25,0.25,1256.0
100/07/14,4796.0,157556.0,33.5,33.7,32.35,32.9,-0.35,1692.0
100/07/15,2381.0,79320.0,32.9,33.75,32.45,33.75,0.85,1189.0
100/07/18,3607.0,120097.0,33.5,33.7,33.1,33.1,-0.65,1237.0
100/07/19,2394.0,79461.0,33.2,33.45,32.95,33.15,0.05,986.0
100/07/20,7879.0,265946.0,33.3,34.3,33.2,34.25,1.10,2532.0
100/07/21,4992.0,171398.0,34.25,34.65,34.0,34.25,0.00,1551.0
100/07/22,12695.0,448731.0,34.55,36.0,34.5,36.0,1.75,4363.0
100/07/25,13340.0,479499.0,36.0,36.75,35.1,36.0,0.00,3685.0
100/07/26,6991.0,249945.0,36.0,36.5,35.2,35.55,-0.45,2309.0
100/07/27,8653.0,310829.0,35.5,36.3,35.2,35.6,0.05,3049.0
100/07/28,3912.0,137651.0,35.05,35.5,35.0,35.0,-0.60,1450.0
100/07/29,5871.0,201646.0,35.0,35.5,33.65,33.65,-1.35,2236.0
100/08/01,3780.0,130849.0,34.9,34.9,34.0,34.7,1.05,1407.0
100/08/02,2574.0,89254.0,34.3,35.1,34.2,34.6,-0.10,1200.0
100/08/03,3191.0,108972.0,34.1,34.5,33.75,34.3,-0.30,1254.0
100/08/04,7660.0,270679.0,34.5,35.95,34.5,35.0,0.70,2699.0
100/08/05,8823.0,291890.0,32.55,33.9,32.55,33.45,-1.55,2795.0
100/08/08,9410.0,303273.0,33.3,33.7,31.15,31.15,-2.30,3195.0
100/08/09,12540.0,360562.0,27.7,30.3,27.7,30.2,0.40,4123.0
100/08/10,11306.0,358876.0,31.6,32.3,31.0,32.3,2.10,3583.0
100/08/11,11055.0,357442.0,31.65,33.15,31.45,32.15,-0.15,4121.0
100/08/12,7985.0,260022.0,32.95,33.1,32.05,32.1,-0.05,2858.0
100/08/15,4795.0,156326.0,32.6,32.95,32.35,32.35,0.25,1575.0
100/08/16,5610.0,180634.0,32.5,32.85,31.7,31.8,-0.55,1919.0
100/08/17,2689.0,85866.0,31.85,32.3,31.75,31.8,0.00,1245.0
100/08/18,6088.0,186997.0,31.3,31.75,29.9,30.2,-1.60,2280.0
100/08/19,9241.0,262919.0,28.4,29.0,28.1,28.1,-2.10,3207.0
100/08/22,11966.0,320681.0,28.1,28.2,26.15,26.15,-1.95,3616.0
100/08/23,13551.0,343251.0,26.3,26.7,24.35,26.1,-0.05,4226.0
100/08/24,11362.0,302242.0,26.3,27.45,25.5,26.8,0.70,4517.0
100/08/25,8104.0,221433.0,27.1,28.0,26.5,26.5,-0.30,3031.0
100/08/26,3961.0,104749.0,26.8,27.15,25.85,26.4,-0.10,1495.0
100/08/29,4033.0,109022.0,26.7,27.3,26.7,27.25,0.85,1330.0
100/08/30,8068.0,226630.0,27.5,28.5,27.45,28.25,1.00,2648.0
100/08/31,7690.0,221957.0,28.5,29.2,28.25,28.75,0.50,2808.0
100/09/01,6151.0,175586.0,29.0,29.3,28.1,28.1,-0.65,2301.0
100/09/02,3962.0,110069.0,27.8,28.1,27.5,27.85,-0.25,1568.0
100/09/05,5399.0,146254.0,27.2,27.5,26.85,27.15,-0.70,1657.0
100/09/06,10675.0,275883.0,26.65,26.95,25.4,25.4,-1.75,3462.0
100/09/07,9094.0,236513.0,25.5,26.3,25.5,26.1,0.70,3087.0
100/09/08,6250.0,167710.0,26.5,27.15,26.35,26.8,0.70,2660.0
100/09/09,4436.0,117785.0,26.8,26.95,26.3,26.4,-0.40,1863.0
100/09/13,5617.0,143184.0,25.75,25.85,25.2,25.3,-1.10,1934.0
100/09/14,5844.0,146337.0,25.5,25.75,24.2,24.7,-0.60,2222.0
100/09/15,7711.0,191993.0,25.2,25.35,24.6,24.7,0.00,2522.0
100/09/16,8468.0,212889.0,24.9,25.45,24.9,25.45,0.75,2802.0
100/09/19,8751.0,226792.0,25.8,26.3,25.5,25.7,0.25,2977.0
100/09/20,6375.0,162303.0,25.7,26.15,25.15,25.2,-0.50,2206.0
100/09/21,4112.0,104400.0,25.25,25.65,25.15,25.3,0.10,1685.0
100/09/22,7097.0,171380.0,24.8,25.0,23.6,23.75,-1.55,2705.0
100/09/23,11544.0,255944.0,22.5,22.5,22.1,22.1,-1.65,3100.0
100/09/26,7301.0,152054.0,21.65,22.0,20.6,20.6,-1.50,2387.0
100/09/27,14265.0,288425.0,20.65,21.3,19.2,19.4,-1.20,4085.0
100/09/28,8615.0,172795.0,19.4,20.35,19.4,20.25,0.85,3096.0
100/09/29,14094.0,300512.0,19.95,21.65,19.8,21.65,1.40,3739.0
100/09/30,9925.0,218827.0,21.8,22.4,21.75,21.95,0.30,3213.0
100/10/03,3063.0,65729.0,21.05,21.85,21.05,21.4,-0.55,1220.0
100/10/04,5716.0,123898.0,20.95,22.2,20.9,21.95,0.55,2124.0
100/10/05,3435.0,74463.0,21.9,22.1,21.4,21.5,-0.45,1151.0
100/10/06,4426.0,95684.0,22.0,22.05,21.25,21.4,-0.10,1627.0
100/10/07,3767.0,81697.0,21.8,21.95,21.45,21.45,0.05,1342.0
100/10/11,6070.0,134492.0,22.0,22.6,21.75,22.45,1.00,2058.0
100/10/12,3364.0,74066.0,22.4,22.4,21.8,22.0,-0.45,1345.0
100/10/13,6454.0,145335.0,22.2,23.0,22.05,22.75,0.75,2603.0
100/10/14,3914.0,88636.0,22.75,23.0,22.45,22.5,-0.25,1379.0
100/10/17,3102.0,70495.0,22.85,22.9,22.5,22.55,0.05,1253.0
100/10/18,3157.0,69658.0,22.1,22.25,21.9,22.1,-0.45,969.0
100/10/19,7427.0,170175.0,22.2,23.3,22.15,23.05,0.95,2704.0
100/10/20,8842.0,207070.0,23.3,23.75,23.05,23.3,0.25,2953.0
100/10/21,2552.0,58958.0,23.3,23.5,22.85,23.1,-0.20,884.0
100/10/24,3620.0,84767.0,23.5,23.8,23.3,23.35,0.25,1360.0
100/10/25,3549.0,83141.0,23.5,23.6,23.25,23.25,-0.10,1430.0
100/10/26,3015.0,69103.0,22.95,23.1,22.7,22.95,-0.30,1167.0
100/10/27,8725.0,205685.0,23.0,23.85,22.8,23.65,0.70,2768.0
100/10/28,15310.0,373055.0,24.2,24.7,24.0,24.1,0.45,4901.0
100/10/31,5072.0,123861.0,24.5,24.75,24.15,24.4,0.30,1645.0
100/11/01,4824.0,118565.0,24.2,24.9,24.1,24.7,0.30,1754.0
100/11/02,4411.0,107116.0,24.15,24.6,24.05,24.45,-0.25,1349.0
100/11/03,4350.0,104556.0,24.5,24.55,23.65,23.65,-0.80,1465.0
100/11/04,4093.0,98471.0,24.0,24.2,23.9,24.05,0.40,1243.0
100/11/07,3863.0,94054.0,24.0,24.65,24.0,24.35,0.30,1446.0
100/11/08,4199.0,102638.0,24.45,24.7,24.25,24.4,0.05,1343.0
100/11/09,9238.0,229722.0,24.6,25.2,24.6,24.75,0.35,2810.0
100/11/10,5515.0,131188.0,24.1,24.3,23.2,23.55,-1.20,1980.0
100/11/11,3970.0,93145.0,23.65,23.9,22.9,23.5,-0.05,1362.0
100/11/14,3823.0,91982.0,24.0,24.2,23.8,24.1,0.60,1171.0
100/11/15,19681.0,505783.0,25.75,25.75,25.4,25.75,1.65,5301.0
100/11/16,14286.0,366240.0,25.75,26.0,25.15,25.55,-0.20,4423.0
100/11/17,10658.0,274888.0,25.25,26.25,25.1,26.0,0.45,3479.0
100/11/18,5839.0,150502.0,25.8,26.05,25.55,25.75,-0.25,2025.0
100/11/21,7392.0,184126.0,25.5,25.9,24.15,24.15,-1.60,2452.0
100/11/22,7610.0,180430.0,24.2,24.4,23.2,23.5,-0.65,2461.0
100/11/23,3776.0,88251.0,23.4,23.7,23.0,23.1,-0.40,1445.0
100/11/24,4794.0,109580.0,23.0,23.4,22.05,23.3,0.20,1849.0
100/11/25,3044.0,70019.0,23.5,23.6,22.6,22.6,-0.70,1211.0
100/11/28,2839.0,65760.0,23.1,23.35,22.9,23.2,0.60,1117.0
100/11/29,3825.0,89943.0,23.5,23.75,23.35,23.4,0.20,1295.0
100/11/30,4650.0,105268.0,23.4,23.4,22.15,22.2,-1.20,1753.0
100/12/01,4553.0,105005.0,23.15,23.3,22.9,23.05,0.85,1594.0
100/12/02,3658.0,84994.0,23.05,23.7,22.8,23.55,0.50,1523.0
100/12/05,1977.0,46064.0,23.6,23.6,23.05,23.1,-0.45,712.0
100/12/06,3022.0,69902.0,23.1,23.5,22.8,22.8,-0.30,1136.0
100/12/07,2062.0,47274.0,22.8,23.1,22.65,22.9,0.10,926.0
100/12/08,2410.0,54780.0,23.2,23.2,22.55,22.55,-0.35,946.0
100/12/09,1810.0,40251.0,22.0,22.5,22.0,22.2,-0.35,693.0
100/12/12,1703.0,38343.0,22.7,22.75,22.3,22.3,0.10,669.0
100/12/13,1613.0,35896.0,22.1,22.45,22.0,22.35,0.05,635.0
100/12/14,1774.0,40251.0,22.5,23.0,22.35,23.0,0.65,724.0
100/12/15,1731.0,39345.0,22.75,22.95,22.55,22.9,-0.10,689.0
100/12/16,1825.0,41790.0,22.9,23.2,22.7,22.7,-0.20,612.0
100/12/19,4413.0,95347.0,22.4,22.6,21.15,21.15,-1.55,1535.0
100/12/20,4602.0,94730.0,21.15,21.5,20.15,20.7,-0.45,1628.0
100/12/21,2109.0,46596.0,22.1,22.1,22.0,22.1,1.40,647.0
100/12/22,6036.0,138788.0,22.55,23.35,22.3,22.85,0.75,2002.0
100/12/23,7197.0,171241.0,23.3,24.2,23.2,23.9,1.05,2302.0
100/12/26,5469.0,131750.0,24.15,24.35,23.8,23.85,-0.05,2026.0
100/12/27,11205.0,276623.0,23.95,25.15,23.95,24.75,0.90,4083.0
100/12/28,4021.0,98633.0,24.65,24.8,24.3,24.3,-0.45,1622.0
100/12/29,3774.0,92165.0,24.0,24.8,23.8,24.6,0.30,1542.0
100/12/30,4264.0,105085.0,24.95,25.0,24.4,24.4,-0.20,1412.0
101/01/02,2765.0,66429.0,24.4,24.4,23.65,23.65,-0.75,1106.0
101/01/03,2933.0,70510.0,23.95,24.3,23.8,23.85,0.20,962.0
101/01/04,3164.0,76312.0,24.2,24.4,23.9,24.05,0.20,1223.0
101/01/05,2944.0,71059.0,24.1,24.45,23.9,24.45,0.40,978.0
101/01/06,3231.0,78069.0,24.35,24.5,23.9,23.9,-0.55,1295.0
101/01/09,4064.0,94936.0,23.9,24.0,23.15,23.2,-0.70,1409.0
101/01/10,2765.0,65074.0,23.4,23.6,23.4,23.6,0.40,1024.0
101/01/11,7436.0,171589.0,23.6,23.6,22.85,23.0,-0.60,2410.0
101/01/12,3357.0,76364.0,23.0,23.05,22.6,22.65,-0.35,1263.0
101/01/13,3753.0,84997.0,22.9,22.9,22.5,22.6,-0.05,1367.0
101/01/16,3061.0,70088.0,23.3,23.3,22.65,22.75,0.15,1022.0
101/01/17,4754.0,110446.0,22.85,23.5,22.8,23.5,0.75,1597.0
101/01/18,8278.0,196186.0,23.6,24.0,23.3,23.5,0.00,2458.0
101/01/30,6673.0,160831.0,23.85,24.45,23.85,24.25,0.75,2129.0
101/01/31,7553.0,186115.0,24.35,25.0,24.25,24.75,0.50,2541.0
101/02/01,11900.0,301152.0,24.75,25.6,24.6,25.35,0.60,3681.0
101/02/02,9219.0,236256.0,25.8,26.0,25.2,25.45,0.10,2718.0
101/02/03,7605.0,191890.0,25.45,25.65,25.1,25.45,0.00,2226.0
101/02/04,10322.0,266857.0,25.7,26.25,25.6,25.7,0.25,2878.0
101/02/06,5849.0,148062.0,25.5,25.85,25.1,25.15,-0.55,1779.0
101/02/07,6956.0,173552.0,25.05,25.3,24.65,24.75,-0.40,2145.0
101/02/08,7061.0,178741.0,24.8,25.5,24.8,25.4,0.65,2303.0
101/02/09,23445.0,623504.0,25.5,27.15,25.45,27.15,1.75,6656.0
101/02/10,23278.0,651593.0,27.75,28.35,27.6,27.9,0.75,7195.0
101/02/13,8459.0,234461.0,27.9,27.95,27.2,27.8,-0.10,2822.0
101/02/14,11526.0,324955.0,27.9,28.6,27.65,28.2,0.40,3588.0
101/02/15,10460.0,294963.0,28.5,28.7,27.9,28.25,0.05,3257.0
101/02/16,9687.0,269672.0,28.1,28.75,27.0,27.1,-1.15,3219.0
101/02/17,8101.0,221646.0,27.55,27.75,27.1,27.5,0.40,2693.0
101/02/20,11617.0,330789.0,28.0,28.9,28.0,28.3,0.80,3462.0
101/02/21,5434.0,152682.0,28.6,28.65,27.8,27.85,-0.45,1952.0
101/02/22,6571.0,185066.0,27.9,28.45,27.9,27.95,0.10,1980.0
101/02/23,2972.0,82864.0,27.95,28.15,27.6,27.65,-0.30,1147.0
101/02/24,5527.0,150765.0,27.65,27.7,27.1,27.2,-0.45,1722.0
101/02/29,3887.0,107585.0,27.6,27.9,27.45,27.7,0.50,1261.0
101/03/01,4003.0,111678.0,27.7,28.25,27.5,28.1,0.40,1319.0
101/03/02,10588.0,303632.0,28.15,28.9,28.15,28.85,0.75,3559.0
101/03/03,4375.0,124684.0,28.85,28.85,28.3,28.45,-0.40,1553.0
101/03/05,12614.0,343558.0,28.35,28.4,26.6,26.8,-1.65,4069.0
101/03/06,6298.0,165385.0,26.6,26.8,25.8,26.8,0.00,2104.0
101/03/07,4432.0,117527.0,26.0,26.85,26.0,26.55,-0.25,1342.0
101/03/08,4697.0,126898.0,26.9,27.25,26.7,27.05,0.50,1543.0
101/03/09,6676.0,183532.0,27.35,27.95,27.15,27.95,0.90,2002.0
101/03/12,9295.0,263031.0,28.25,28.7,27.55,27.55,-0.40,2959.0
101/03/13,2570.0,71083.0,27.8,27.9,27.5,27.55,0.00,1026.0
101/03/14,4012.0,111553.0,28.2,28.2,27.65,27.75,0.20,1157.0
101/03/15,2708.0,74854.0,27.8,27.9,27.5,27.65,-0.10,978.0
101/03/16,7817.0,220126.0,27.7,28.45,27.65,27.9,0.25,2906.0
101/03/19,3134.0,87727.0,27.9,28.3,27.85,27.9,0.00,959.0
101/03/20,5534.0,155431.0,28.0,28.3,27.85,28.05,0.15,2014.0
101/03/21,24835.0,724617.0,28.25,30.0,28.15,29.55,1.50,8644.0
101/03/22,18568.0,557247.0,29.75,30.35,29.75,29.8,0.25,5991.0
101/03/23,24473.0,755397.0,30.2,31.5,30.0,31.25,1.45,7592.0
101/03/26,18128.0,570975.0,31.45,32.0,30.8,31.55,0.30,5832.0
101/03/27,14757.0,468568.0,31.85,32.3,30.6,30.85,-0.70,5823.0
101/03/28,10022.0,313190.0,30.9,31.8,30.7,31.5,0.65,3665.0
101/03/29,15381.0,472118.0,31.5,31.8,29.65,30.9,-0.60,4888.0
101/03/30,8438.0,260664.0,30.7,31.45,30.0,31.2,0.30,3103.0
101/04/02,4956.0,153478.0,31.2,31.5,30.65,30.7,-0.50,2425.0
101/04/03,11246.0,339911.0,30.7,31.3,29.15,29.4,-1.30,3646.0
101/04/05,7934.0,226155.0,27.5,29.6,27.5,29.25,-0.15,2834.0
101/04/06,7172.0,216791.0,29.25,30.6,29.25,30.2,0.95,2595.0
101/04/09,5479.0,166050.0,29.6,30.85,29.3,30.05,-0.15,2141.0
101/04/10,8832.0,273367.0,30.6,31.45,30.4,30.9,0.85,3109.0
101/04/11,10356.0,321399.0,30.5,31.6,30.4,30.7,-0.20,3696.0
101/04/12,13406.0,423077.0,31.3,31.9,31.1,31.7,1.00,4945.0
101/04/13,17032.0,559340.0,32.5,33.7,32.0,33.3,1.60,6094.0
101/04/16,8699.0,285356.0,33.2,33.3,32.3,32.35,-0.95,3271.0
101/04/17,7487.0,244287.0,32.5,32.95,32.05,32.75,0.40,2822.0
101/04/18,8932.0,294531.0,33.0,33.5,32.05,33.1,0.35,3506.0
101/04/19,4311.0,141118.0,32.9,33.15,32.3,32.6,-0.50,1794.0
101/04/20,8302.0,271657.0,32.6,33.2,32.3,32.6,0.00,2936.0
101/04/23,6883.0,219592.0,32.5,32.95,31.0,31.3,-1.30,2781.0
101/04/24,5838.0,181201.0,30.65,31.7,30.45,30.9,-0.40,2310.0
101/04/25,4929.0,155629.0,31.45,31.95,30.9,31.9,1.00,2299.0
101/04/26,7380.0,240114.0,32.5,33.15,31.8,32.05,0.15,3125.0
101/04/27,3907.0,126245.0,32.65,32.75,32.0,32.0,-0.05,1690.0
101/04/30,3958.0,127908.0,31.8,32.55,31.8,32.55,0.55,1660.0
101/05/02,14303.0,482979.0,33.0,34.2,32.9,33.65,1.10,4579.0
101/05/03,5142.0,172438.0,33.65,33.8,33.3,33.55,-0.10,2044.0
101/05/04,4992.0,167953.0,33.5,33.9,33.35,33.5,-0.05,2402.0
101/05/07,3041.0,100327.0,33.3,33.3,32.7,32.7,-0.80,1253.0
101/05/08,3329.0,110975.0,32.9,33.55,32.9,33.5,0.80,1495.0
101/05/09,9161.0,310173.0,33.5,34.3,33.35,33.5,0.00,3623.0
101/05/10,4449.0,147725.0,33.5,33.7,32.95,33.3,-0.20,1706.0
101/05/11,3537.0,115545.0,33.1,33.25,32.5,32.5,-0.80,1644.0
101/05/14,3916.0,126118.0,32.7,33.0,31.9,32.0,-0.50,1648.0
101/05/15,2956.0,94811.0,32.0,32.8,31.3,32.8,0.80,1212.0
101/05/16,2962.0,95574.0,32.8,32.8,31.8,31.8,-1.00,1087.0
101/05/17,2584.0,82591.0,31.9,32.25,31.7,32.05,0.25,1207.0
101/05/18,5900.0,183282.0,31.4,31.8,30.45,30.45,-1.60,2159.0
101/05/21,3833.0,117810.0,30.45,31.2,30.0,30.55,0.10,1452.0
101/05/22,2479.0,76764.0,31.1,31.2,30.7,31.1,0.55,1013.0
101/05/23,3128.0,95426.0,31.0,31.0,30.15,30.5,-0.60,1221.0
101/05/24,5568.0,168495.0,30.5,30.95,29.45,29.5,-1.00,2103.0
101/05/25,4360.0,130415.0,29.8,30.25,29.55,30.25,0.75,1803.0
101/05/28,1785.0,54220.0,30.25,30.6,30.0,30.5,0.25,896.0
101/05/29,5359.0,168265.0,30.8,31.85,30.8,31.75,1.25,1948.0
101/05/30,2583.0,81849.0,31.75,31.85,31.35,31.7,-0.05,1257.0
101/05/31,3457.0,110393.0,31.4,32.5,31.2,32.5,0.80,1310.0
101/06/01,4868.0,156604.0,32.3,32.65,31.5,31.5,-1.00,1753.0
101/06/04,5950.0,178108.0,30.1,30.6,29.65,29.75,-1.75,2170.0
101/06/05,5918.0,179838.0,30.2,30.95,29.8,30.1,0.35,1824.0
101/06/06,2266.0,68963.0,30.3,30.7,30.1,30.6,0.50,1012.0
101/06/07,3778.0,116996.0,30.85,31.3,30.8,30.8,0.20,1154.0
101/06/08,3035.0,93446.0,31.1,31.3,30.25,30.7,-0.10,979.0
101/06/11,12917.0,376246.0,30.7,30.95,28.6,28.75,-1.95,4605.0
101/06/12,5033.0,142146.0,28.0,28.55,27.9,28.15,-0.60,2388.0
101/06/13,7124.0,201653.0,28.05,28.9,27.8,28.85,0.70,2633.0
101/06/14,8127.0,227219.0,28.6,28.75,27.7,27.75,-1.10,2833.0
101/06/15,4931.0,137114.0,27.5,28.0,27.5,27.9,0.15,2187.0
101/06/18,6919.0,197892.0,28.5,28.9,28.15,28.7,0.80,2622.0
101/06/19,3209.0,92243.0,28.7,28.9,28.55,28.65,-0.05,1257.0
101/06/20,4242.0,123372.0,28.85,29.3,28.85,29.2,0.55,1496.0
101/06/21,3761.0,108675.0,29.2,29.35,28.6,28.65,-0.55,1373.0
101/06/22,2483.0,70788.0,28.3,28.85,28.15,28.6,-0.05,827.0
101/06/25,1259.0,35766.0,28.5,28.6,28.3,28.3,-0.30,580.0
101/06/26,4484.0,124237.0,28.0,28.2,27.4,27.55,-0.75,1675.0
101/06/27,4680.0,128805.0,27.5,27.95,27.15,27.2,-0.35,1931.0
101/06/28,9903.0,263471.0,27.4,27.5,26.15,26.4,-0.80,3365.0
101/06/29,4755.0,127179.0,26.2,27.1,26.2,26.9,0.50,2082.0
101/07/02,5740.0,158443.0,27.2,28.0,27.15,28.0,1.10,2489.0
101/07/03,3427.0,96225.0,28.0,28.3,27.7,28.05,0.05,1377.0
101/07/04,3300.0,92831.0,28.05,28.35,27.9,28.05,0.00,1397.0
101/07/05,3867.0,109169.0,28.05,28.45,27.95,28.35,0.30,1408.0
101/07/06,5713.0,163778.0,28.5,28.9,28.35,28.65,0.30,1955.0
101/07/09,4304.0,124726.0,28.75,29.2,28.65,29.0,0.35,1818.0
101/07/10,8655.0,252492.0,29.0,29.45,28.9,29.25,0.25,2404.0
101/07/11,14861.0,454084.0,29.5,31.25,29.4,31.0,1.75,5422.0
101/07/12,5633.0,171862.0,30.9,31.25,30.1,30.2,-0.80,2382.0
101/07/13,3439.0,103194.0,29.8,30.3,29.8,29.8,-0.40,1516.0
101/07/16,2173.0,65318.0,30.05,30.35,29.8,29.8,0.00,901.0
101/07/17,2247.0,66499.0,29.8,30.15,29.1,29.75,-0.05,913.0
101/07/18,1229.0,36667.0,29.8,30.0,29.6,29.7,-0.05,658.0
101/07/19,3680.0,111536.0,29.95,30.55,29.95,30.35,0.65,1322.0
101/07/20,2826.0,85946.0,30.55,30.85,30.1,30.1,-0.25,1159.0
101/07/23,4313.0,126377.0,29.7,30.2,28.85,28.9,-1.20,1376.0
101/07/24,4787.0,136178.0,28.8,29.2,28.1,28.2,-0.70,1907.0
101/07/25,4021.0,113110.0,28.0,28.4,27.9,28.0,-0.20,1504.0
101/07/26,3995.0,113841.0,28.0,28.95,28.0,28.75,0.75,1527.0
101/07/27,3570.0,103401.0,29.0,29.15,28.8,28.8,0.05,1236.0
101/07/30,2821.0,81729.0,29.1,29.2,28.8,28.9,0.10,827.0
101/07/31,2529.0,73231.0,29.1,29.1,28.7,29.0,0.10,943.0
101/08/01,6627.0,196045.0,29.0,30.2,28.75,29.9,0.90,2327.0
101/08/03,8931.0,249431.0,27.6,28.25,27.5,27.9,0.30,2464.0
101/08/06,5085.0,144559.0,28.25,28.7,28.05,28.25,0.35,1567.0
101/08/07,9569.0,278840.0,28.6,29.5,28.25,28.8,0.55,2937.0
101/08/08,5432.0,158983.0,29.1,29.5,29.0,29.2,0.40,1508.0
101/08/09,4132.0,121897.0,29.2,29.75,29.2,29.4,0.20,1318.0
101/08/10,3011.0,87977.0,29.2,29.4,29.05,29.05,-0.35,1070.0
101/08/13,3923.0,116433.0,29.2,29.85,29.15,29.65,0.60,1263.0
101/08/14,2243.0,66078.0,29.75,29.95,29.2,29.3,-0.35,838.0
101/08/15,1211.0,35536.0,29.25,29.5,29.25,29.4,0.10,528.0
101/08/16,3998.0,117798.0,29.35,29.8,29.15,29.2,-0.20,1333.0
101/08/17,2384.0,70000.0,29.2,29.7,29.15,29.3,0.10,761.0
101/08/20,2404.0,71059.0,29.3,29.8,29.25,29.4,0.10,795.0
101/08/21,1763.0,51956.0,29.5,29.7,29.3,29.35,-0.05,585.0
101/08/22,2769.0,81509.0,29.25,29.7,29.25,29.3,-0.05,905.0
101/08/23,2935.0,85247.0,29.3,29.35,28.8,28.85,-0.45,999.0
101/08/24,4305.0,122241.0,28.65,28.7,28.05,28.4,-0.45,1766.0
101/08/27,2732.0,77804.0,28.4,28.65,28.15,28.6,0.20,1230.0
101/08/28,6836.0,199105.0,28.8,29.55,28.8,28.9,0.30,2454.0
101/08/29,2417.0,70392.0,29.1,29.35,28.95,29.05,0.15,1100.0
101/08/30,2294.0,66405.0,29.15,29.2,28.7,28.8,-0.25,933.0
101/08/31,2211.0,63132.0,28.6,28.8,28.4,28.45,-0.35,953.0
101/09/03,5273.0,148099.0,28.45,28.45,27.85,27.95,-0.50,2437.0
101/09/04,3698.0,104448.0,27.9,28.5,27.9,28.2,0.25,1308.0
101/09/05,2584.0,71981.0,28.05,28.1,27.7,27.8,-0.40,1263.0
101/09/06,1876.0,52103.0,27.7,28.0,27.7,27.7,-0.10,913.0
101/09/07,2727.0,76029.0,28.0,28.1,27.7,27.75,0.05,1131.0
101/09/10,3020.0,85077.0,27.85,28.35,27.75,28.25,0.50,1227.0
101/09/11,7646.0,209217.0,28.0,28.0,27.1,27.2,-1.05,2613.0
101/09/12,7387.0,200392.0,27.2,27.5,26.95,27.25,0.05,2294.0
101/09/13,4680.0,128144.0,27.4,27.65,27.2,27.25,0.00,1598.0
101/09/14,6316.0,173509.0,27.5,27.75,27.3,27.7,0.45,2167.0
101/09/17,14251.0,407923.0,27.9,29.05,27.85,28.7,1.00,4669.0
101/09/18,3342.0,95024.0,28.7,28.7,28.3,28.3,-0.40,1524.0
101/09/19,3346.0,95088.0,28.3,28.6,28.15,28.4,0.10,1554.0
101/09/20,2556.0,72696.0,28.6,28.65,28.25,28.3,-0.10,1187.0
101/09/21,2703.0,76515.0,28.3,28.55,28.2,28.25,-0.05,1178.0
101/09/24,3814.0,106953.0,28.35,28.4,27.85,28.05,-0.20,1152.0
101/09/25,2221.0,62266.0,28.1,28.4,27.85,27.95,-0.10,698.0
101/09/26,2866.0,79675.0,27.85,28.05,27.65,27.65,-0.30,1151.0
101/09/27,3004.0,83993.0,27.65,28.2,27.6,28.15,0.50,1199.0
101/09/28,3588.0,101528.0,28.15,28.5,28.0,28.3,0.15,1366.0
101/10/01,1174.0,33181.0,28.4,28.4,28.15,28.35,0.05,630.0
101/10/02,1905.0,53624.0,28.35,28.4,28.0,28.1,-0.25,615.0
101/10/03,1057.0,29592.0,28.2,28.2,27.9,27.9,-0.20,531.0
101/10/04,2367.0,65354.0,27.7,27.9,27.5,27.5,-0.40,905.0
101/10/05,1474.0,40583.0,27.7,27.8,27.45,27.55,0.05,571.0
101/10/08,1667.0,45411.0,27.6,27.6,27.15,27.25,-0.30,652.0
101/10/09,3462.0,92968.0,27.2,27.3,26.65,26.65,-0.60,1302.0
101/10/11,3910.0,101861.0,26.4,26.45,25.8,25.8,-0.85,1265.0
101/10/12,4230.0,108533.0,25.7,26.2,25.3,25.4,-0.40,1530.0
101/10/15,3120.0,78180.0,25.4,25.6,24.8,24.95,-0.45,959.0
101/10/16,3363.0,83903.0,25.15,25.2,24.8,24.9,-0.05,951.0
101/10/17,2866.0,71311.0,25.15,25.2,24.7,24.75,-0.15,1233.0
101/10/18,1932.0,48215.0,24.8,25.1,24.8,25.0,0.25,731.0
101/10/19,1671.0,42119.0,25.05,25.35,25.05,25.1,0.10,880.0
101/10/22,1302.0,32770.0,24.9,25.4,24.7,25.3,0.20,529.0
101/10/23,1100.0,27788.0,25.4,25.4,25.15,25.2,-0.10,599.0
101/10/24,988.0,24742.0,25.1,25.2,24.85,25.0,-0.20,432.0
101/10/25,1303.0,32531.0,25.0,25.3,24.7,24.75,-0.25,664.0
101/10/26,3668.0,88468.0,24.85,25.05,23.5,23.7,-1.05,1319.0
101/10/29,4795.0,111121.0,23.7,23.75,22.65,23.15,-0.55,1710.0
101/10/30,5430.0,123828.0,23.05,23.2,22.5,22.8,-0.35,1761.0
101/10/31,1707.0,39192.0,22.8,23.1,22.8,22.95,0.15,669.0
101/11/01,3958.0,88646.0,22.5,22.65,22.1,22.4,-0.55,1378.0
101/11/02,4988.0,113030.0,22.5,23.1,22.4,22.5,0.10,1583.0
101/11/05,3540.0,80851.0,22.55,23.15,22.55,22.8,0.30,1130.0
101/11/06,2898.0,65482.0,22.7,22.95,22.4,22.7,-0.10,822.0
101/11/07,3441.0,78601.0,22.8,23.15,22.65,22.95,0.25,1058.0
101/11/08,3649.0,82105.0,22.5,22.8,22.4,22.45,-0.50,1047.0
101/11/09,5001.0,111173.0,22.2,22.7,21.9,22.6,0.15,1595.0
101/11/12,3676.0,81857.0,22.6,22.6,22.15,22.2,-0.40,1276.0
101/11/13,4760.0,103395.0,22.1,22.2,21.45,21.45,-0.75,1754.0
101/11/14,9073.0,188785.0,21.6,21.6,20.35,20.65,-0.80,3083.0
101/11/15,8434.0,176625.0,20.65,21.1,20.5,21.05,0.40,2841.0
101/11/16,3897.0,81953.0,21.05,21.3,20.8,20.9,-0.15,1481.0
101/11/19,7379.0,150088.0,21.0,21.0,19.95,20.0,-0.90,2456.0
101/11/20,10951.0,221156.0,20.05,20.65,19.8,20.3,0.30,3166.0
101/11/21,5293.0,107693.0,20.35,20.6,20.05,20.1,-0.20,1890.0
101/11/22,2829.0,57019.0,20.35,20.5,20.05,20.1,0.00,965.0
101/11/23,4870.0,100615.0,20.45,20.8,20.35,20.75,0.65,1961.0
101/11/26,7980.0,172694.0,20.95,22.2,20.95,22.2,1.45,2661.0
101/11/27,11712.0,263371.0,22.4,22.8,22.0,22.2,0.00,3939.0
101/11/28,3679.0,81908.0,22.2,22.4,22.05,22.35,0.15,1474.0
101/11/29,6603.0,149881.0,22.5,23.15,22.4,22.5,0.15,2387.0
101/11/30,4820.0,108329.0,22.55,22.7,22.25,22.35,-0.15,1565.0
101/12/03,4267.0,96437.0,22.5,22.85,22.35,22.4,0.05,1530.0
101/12/04,5105.0,114547.0,22.4,22.75,22.15,22.75,0.35,1618.0
101/12/05,6240.0,142509.0,22.75,23.05,22.45,22.85,0.10,2127.0
101/12/06,7791.0,180853.0,22.85,23.5,22.85,22.95,0.10,2694.0
101/12/07,4028.0,91902.0,23.0,23.2,22.55,22.6,-0.35,1247.0
101/12/10,3371.0,75420.0,22.6,22.75,22.2,22.3,-0.30,1079.0
101/12/11,5629.0,121870.0,22.0,22.05,21.4,21.6,-0.70,1903.0
101/12/12,2768.0,60416.0,21.8,21.95,21.65,21.85,0.25,1273.0
101/12/13,3604.0,79939.0,21.9,22.4,21.9,22.35,0.50,1351.0
101/12/14,3994.0,88541.0,22.35,22.45,21.95,22.1,-0.25,1582.0
101/12/17,5754.0,129051.0,22.0,22.75,21.9,22.4,0.30,2229.0
101/12/18,2334.0,52106.0,22.5,22.55,22.1,22.3,-0.10,1062.0
101/12/19,2080.0,46585.0,22.5,22.55,22.25,22.3,0.00,914.0
101/12/20,4521.0,102017.0,22.4,22.9,22.3,22.3,0.00,1789.0
101/12/21,2611.0,57936.0,22.5,22.55,22.05,22.1,-0.20,1104.0
101/12/22,1546.0,34222.0,22.1,22.25,22.1,22.2,0.10,569.0
101/12/24,1646.0,36485.0,22.2,22.3,22.05,22.1,-0.10,724.0
101/12/25,1449.0,32206.0,22.15,22.4,22.05,22.35,0.25,579.0
101/12/26,13282.0,312384.0,22.5,23.9,22.5,23.9,1.55,4056.0
101/12/27,19980.0,482663.0,24.3,24.5,23.55,23.85,-0.05,6275.0
101/12/28,4875.0,115939.0,23.85,24.05,23.6,23.7,-0.15,2054.0
102/01/02,16097.0,396878.0,23.9,25.1,23.9,24.65,0.95,5389.0
102/01/03,12552.0,312007.0,24.9,25.25,24.5,24.5,-0.15,3990.0
102/01/04,4859.0,118375.0,24.4,24.6,24.25,24.25,-0.25,1653.0
102/01/07,8485.0,210121.0,24.3,25.1,24.3,24.9,0.65,3034.0
102/01/08,8681.0,217727.0,25.1,25.4,24.75,24.75,-0.15,2944.0
102/01/09,3839.0,94785.0,24.75,24.9,24.6,24.6,-0.15,1397.0
102/01/10,6049.0,151067.0,24.9,25.2,24.7,24.7,0.10,2342.0
102/01/11,4879.0,119166.0,24.65,24.7,24.2,24.2,-0.50,1820.0
102/01/14,3405.0,83563.0,24.2,24.8,24.2,24.4,0.20,1497.0
102/01/15,2463.0,59757.0,24.3,24.5,24.15,24.15,-0.25,1149.0
102/01/16,4072.0,98236.0,24.05,24.4,23.9,24.15,0.00,1542.0
102/01/17,6675.0,157242.0,24.2,24.35,22.95,23.1,-1.05,2037.0
102/01/18,2720.0,63862.0,23.3,23.65,23.3,23.6,0.50,1061.0
102/01/21,1338.0,31508.0,23.7,23.7,23.4,23.6,0.00,538.0
102/01/22,1499.0,35613.0,23.6,23.95,23.55,23.95,0.35,640.0
102/01/23,2427.0,58388.0,24.0,24.25,23.85,23.9,-0.05,1017.0
102/01/24,1377.0,32689.0,23.9,24.0,23.6,23.65,-0.25,520.0
102/01/25,1096.0,25900.0,23.65,23.85,23.5,23.55,-0.10,510.0
102/01/28,901.0,21281.0,23.65,23.7,23.55,23.65,0.10,361.0
102/01/29,2402.0,57415.0,23.7,24.05,23.65,23.95,0.30,875.0
102/01/30,2919.0,70331.0,24.05,24.25,24.0,24.05,0.10,981.0
102/01/31,2834.0,68617.0,24.15,24.45,24.05,24.05,0.00,1007.0
102/02/01,1439.0,34678.0,24.05,24.25,24.0,24.0,-0.05,523.0
102/02/04,2378.0,57376.0,24.15,24.25,24.0,24.1,0.10,761.0
102/02/05,1736.0,41541.0,24.0,24.1,23.8,23.95,-0.15,667.0
102/02/06,2571.0,61964.0,24.15,24.2,24.0,24.1,0.15,1023.0
102/02/18,3533.0,85761.0,24.4,24.45,24.0,24.45,0.35,1230.0
102/02/19,4981.0,122470.0,24.5,24.8,24.35,24.7,0.25,1691.0
102/02/20,4001.0,98664.0,24.85,24.85,24.55,24.6,-0.10,1332.0
102/02/21,2955.0,71679.0,24.6,24.6,24.15,24.25,-0.35,1046.0
102/02/22,2140.0,51472.0,24.0,24.2,23.95,24.05,-0.20,811.0
102/02/23,3714.0,88714.0,24.2,24.2,23.7,23.85,-0.20,1210.0
102/02/25,3070.0,72417.0,23.85,23.85,23.5,23.6,-0.25,1138.0
102/02/26,2804.0,65465.0,23.3,23.55,23.2,23.25,-0.35,1150.0
102/02/27,1507.0,35207.0,23.25,23.5,23.15,23.35,0.10,612.0
102/03/01,2538.0,59555.0,23.4,23.65,23.35,23.45,0.10,1056.0
102/03/04,2658.0,61471.0,23.4,23.4,23.0,23.05,-0.40,903.0
102/03/05,1819.0,41989.0,23.05,23.2,23.0,23.1,0.05,670.0
102/03/06,1944.0,44955.0,23.2,23.3,23.0,23.05,-0.05,665.0
102/03/07,1749.0,40388.0,23.05,23.2,23.05,23.05,0.00,966.0
102/03/08,3221.0,75678.0,23.1,23.75,23.05,23.6,0.55,1297.0
102/03/11,3629.0,85636.0,23.6,23.8,23.4,23.65,0.05,1004.0
102/03/12,5872.0,140899.0,23.75,24.25,23.65,23.65,0.00,1843.0
102/03/13,4248.0,101168.0,23.6,24.05,23.6,23.7,0.05,1171.0
102/03/14,2662.0,63270.0,23.9,23.95,23.65,23.7,0.00,804.0
102/03/15,2643.0,62807.0,23.85,23.95,23.6,23.6,-0.10,863.0
102/03/18,2893.0,66941.0,23.6,23.6,23.0,23.05,-0.55,887.0
102/03/19,898.0,20805.0,23.15,23.3,23.05,23.15,0.10,358.0
102/03/20,1142.0,26396.0,23.1,23.25,23.05,23.1,-0.05,417.0
102/03/21,1010.0,23436.0,23.2,23.3,23.15,23.15,0.05,409.0
102/03/22,993.0,23051.0,23.15,23.35,23.1,23.15,0.00,421.0
102/03/25,1421.0,32881.0,23.25,23.35,23.05,23.1,-0.05,433.0
102/03/26,2405.0,55342.0,23.15,23.2,22.9,23.1,0.00,769.0
102/03/27,1998.0,46044.0,23.1,23.1,22.95,23.1,0.00,662.0
102/03/28,1347.0,30983.0,23.0,23.1,22.9,22.95,-0.15,509.0
102/03/29,1136.0,26153.0,23.0,23.1,22.95,23.0,0.05,416.0
102/04/01,10652.0,254418.0,23.4,24.1,23.3,23.9,0.90,3397.0
102/04/02,2975.0,71049.0,24.1,24.1,23.7,23.8,-0.10,1214.0
102/04/03,2415.0,57415.0,23.8,23.95,23.7,23.75,-0.05,892.0
102/04/08,4829.0,111496.0,23.6,23.6,22.8,22.8,-0.95,1663.0
102/04/09,1505.0,34548.0,22.8,23.1,22.8,22.95,0.15,670.0
102/04/10,1635.0,38001.0,23.2,23.4,23.0,23.35,0.40,767.0
102/04/11,3100.0,72626.0,23.5,23.8,23.1,23.3,-0.05,1054.0
102/04/12,1131.0,26319.0,23.3,23.5,23.15,23.15,-0.15,419.0
102/04/15,1347.0,31106.0,23.15,23.3,22.9,22.9,-0.25,489.0
102/04/16,1933.0,43776.0,22.7,22.8,22.5,22.75,-0.15,1047.0
102/04/17,1057.0,24121.0,22.8,22.9,22.7,22.75,0.00,528.0
102/04/18,1205.0,27541.0,22.65,23.0,22.6,22.75,0.00,525.0
102/04/19,1724.0,39680.0,22.75,23.2,22.75,23.0,0.25,672.0
102/04/22,2665.0,62083.0,23.0,23.45,23.0,23.2,0.20,1130.0
102/04/23,2511.0,58225.0,23.25,23.35,22.95,23.15,-0.05,1167.0
102/04/24,2029.0,46786.0,23.15,23.2,23.0,23.05,-0.10,812.0
102/04/25,1713.0,39245.0,23.0,23.1,22.8,22.8,-0.25,692.0
102/04/26,5364.0,124805.0,22.9,23.45,22.8,23.2,0.40,1999.0
102/04/29,1244.0,28649.0,23.3,23.3,22.9,22.95,-0.25,587.0
102/04/30,1705.0,39044.0,23.0,23.05,22.85,22.85,-0.10,688.0
102/05/02,1379.0,31646.0,22.8,23.15,22.8,22.9,0.05,490.0
102/05/03,1097.0,25122.0,23.0,23.15,22.8,22.85,-0.05,386.0
102/05/06,1403.0,32102.0,22.9,23.0,22.8,22.95,0.10,486.0
102/05/07,1164.0,26556.0,23.1,23.1,22.75,22.8,-0.15,489.0
102/05/08,1094.0,24981.0,22.8,22.95,22.75,22.8,0.00,478.0
102/05/09,1356.0,31113.0,22.95,23.05,22.85,23.0,0.20,546.0
102/05/10,1463.0,33396.0,23.0,23.0,22.7,22.8,-0.20,578.0
102/05/13,1447.0,33024.0,23.0,23.0,22.7,22.7,-0.10,518.0
102/05/14,679.0,15450.0,22.8,22.85,22.65,22.75,0.05,359.0
102/05/15,2585.0,58207.0,22.75,22.75,22.4,22.45,-0.30,1047.0
102/05/16,2122.0,47836.0,22.5,22.65,22.45,22.5,0.05,750.0
102/05/17,1390.0,31320.0,22.5,22.6,22.45,22.5,0.00,534.0
102/05/20,1350.0,30634.0,22.5,22.85,22.5,22.7,0.20,586.0
102/05/21,1476.0,33589.0,22.7,22.85,22.7,22.7,0.00,637.0
102/05/22,1475.0,33492.0,22.8,22.85,22.6,22.6,-0.10,621.0
102/05/23,1354.0,30578.0,22.65,22.65,22.5,22.5,-0.10,631.0
102/05/24,902.0,20336.0,22.5,22.7,22.4,22.45,-0.05,391.0
102/05/27,737.0,16609.0,22.4,22.65,22.4,22.55,0.10,370.0
102/05/28,1078.0,24407.0,22.65,22.7,22.55,22.7,0.15,615.0
102/05/29,1440.0,32864.0,22.9,22.9,22.75,22.8,0.10,573.0
102/05/30,1178.0,26623.0,22.85,22.85,22.5,22.5,-0.30,467.0
102/05/31,1503.0,33908.0,22.7,22.8,22.4,22.5,0.00,593.0
102/06/03,1353.0,30229.0,22.4,22.45,22.25,22.4,-0.10,534.0
102/06/04,1154.0,25763.0,22.5,22.55,22.2,22.25,-0.15,498.0
102/06/05,1099.0,24466.0,22.4,22.4,22.2,22.3,0.05,506.0
102/06/06,1424.0,31495.0,22.2,22.25,22.05,22.05,-0.25,565.0
102/06/07,1362.0,29869.0,22.05,22.2,21.75,21.75,-0.30,612.0
102/06/10,2094.0,45155.0,21.75,21.9,21.35,21.35,-0.40,837.0
102/06/11,1146.0,24524.0,21.35,21.6,21.3,21.35,0.00,548.0
102/06/13,2880.0,59662.0,21.05,21.25,20.4,20.5,-0.85,1257.0
102/06/14,2844.0,57713.0,20.6,20.75,20.05,20.05,-0.45,942.0
102/06/17,1267.0,25533.0,20.05,20.25,20.0,20.2,0.15,474.0
102/06/18,1886.0,39101.0,20.35,21.0,20.25,20.9,0.70,739.0
102/06/19,1480.0,30646.0,21.0,21.0,20.5,20.65,-0.25,618.0
102/06/20,1483.0,30174.0,20.65,20.65,20.1,20.3,-0.35,490.0
102/06/21,1719.0,34319.0,20.0,20.1,19.85,20.1,-0.20,620.0
102/06/24,913.0,18337.0,20.2,20.3,20.0,20.0,-0.10,403.0
102/06/25,1209.0,24046.0,20.0,20.1,19.7,19.8,-0.20,469.0
102/06/26,1294.0,25725.0,19.95,20.1,19.75,19.85,0.05,532.0
102/06/27,1277.0,25522.0,19.9,20.15,19.9,19.9,0.05,461.0
102/06/28,595.0,11858.0,20.0,20.0,19.9,20.0,0.10,232.0
102/07/01,987.0,19646.0,19.9,20.0,19.85,19.9,-0.10,426.0
102/07/02,2058.0,41769.0,19.95,20.65,19.95,20.15,0.25,817.0
102/07/03,1367.0,27460.0,20.2,20.35,20.0,20.0,-0.15,526.0
102/07/04,571.0,11413.0,20.0,20.2,19.95,19.95,-0.05,235.0
102/07/05,812.0,16236.0,19.95,20.1,19.95,20.0,0.05,335.0
102/07/08,857.0,17305.0,20.0,20.4,20.0,20.1,0.10,290.0
102/07/09,789.0,15976.0,20.15,20.35,20.15,20.3,0.20,347.0
102/07/10,3063.0,63913.0,20.4,21.15,20.25,21.1,0.80,1295.0
102/07/11,2717.0,56854.0,21.2,21.2,20.8,20.8,-0.30,1110.0
102/07/12,1432.0,29928.0,20.8,21.0,20.8,21.0,0.20,556.0
102/07/15,1506.0,32122.0,21.1,21.5,21.0,21.4,0.40,648.0
102/07/16,1207.0,25883.0,21.5,21.5,21.4,21.5,0.10,549.0
102/07/17,909.0,19378.0,21.5,21.55,21.2,21.3,-0.20,436.0
102/07/18,3651.0,79232.0,21.3,21.9,21.25,21.8,0.50,1358.0
102/07/19,2862.0,62926.0,21.95,22.3,21.65,22.0,0.20,1011.0
102/07/22,1248.0,27252.0,22.1,22.2,21.7,21.7,-0.30,489.0
102/07/23,1464.0,31766.0,21.7,21.8,21.6,21.6,-0.10,497.0
102/07/24,956.0,20754.0,21.6,21.9,21.6,21.65,0.05,422.0
102/07/25,908.0,19722.0,21.5,21.8,21.5,21.75,0.10,375.0
102/07/26,789.0,17178.0,21.75,21.9,21.7,21.75,0.00,272.0
102/07/29,747.0,16104.0,21.75,21.75,21.45,21.45,-0.30,329.0
102/07/30,795.0,17186.0,21.8,21.8,21.4,21.6,0.15,366.0
102/07/31,1083.0,23301.0,21.8,21.8,21.4,21.5,-0.10,411.0
102/08/01,3362.0,72005.0,21.5,21.65,21.3,21.3,-0.20,957.0
102/08/02,2234.0,45076.0,20.0,20.35,20.0,20.25,0.45,840.0
102/08/05,1019.0,20710.0,20.3,20.55,20.25,20.25,0.00,399.0
102/08/06,825.0,16594.0,20.25,20.25,20.05,20.1,-0.15,339.0
102/08/07,1012.0,20192.0,20.0,20.05,19.9,19.9,-0.20,420.0
102/08/08,550.0,11002.0,20.0,20.1,19.9,20.0,0.10,228.0
102/08/09,706.0,14121.0,20.1,20.15,19.9,19.9,-0.10,323.0
102/08/12,638.0,12752.0,19.9,20.1,19.9,20.0,0.10,285.0
102/08/13,1285.0,26143.0,20.0,20.45,20.0,20.35,0.35,511.0
102/08/14,1190.0,24374.0,20.4,20.65,20.35,20.35,0.00,515.0
102/08/15,1466.0,29575.0,20.25,20.45,20.05,20.05,-0.30,496.0
102/08/16,1587.0,31669.0,20.0,20.05,19.85,20.05,0.00,647.0
102/08/19,721.0,14450.0,20.05,20.2,19.9,20.0,-0.05,311.0
102/08/20,920.0,18375.0,20.0,20.05,19.9,19.9,-0.10,305.0
102/08/22,590.0,11776.0,19.9,20.05,19.85,19.95,0.05,272.0
102/08/23,909.0,18153.0,19.95,20.1,19.9,19.9,-0.05,396.0
102/08/26,602.0,11998.0,19.9,20.05,19.85,19.95,0.05,322.0
102/08/27,680.0,13574.0,19.95,20.1,19.9,19.9,-0.05,369.0
102/08/28,2986.0,57302.0,19.8,19.8,18.9,19.05,-0.85,1290.0
102/08/29,2200.0,41196.0,18.95,19.1,18.55,18.8,-0.25,965.0
102/08/30,1672.0,31219.0,18.8,18.8,18.55,18.6,-0.20,760.0
102/09/02,1667.0,31769.0,18.6,19.3,18.6,19.15,0.55,802.0
102/09/03,1113.0,21364.0,19.15,19.35,19.1,19.2,0.05,576.0
102/09/04,699.0,13387.0,19.2,19.2,19.1,19.1,-0.10,317.0
102/09/05,1688.0,32809.0,19.2,19.6,19.2,19.6,0.50,809.0
102/09/06,3049.0,60941.0,19.75,20.25,19.65,19.95,0.35,1288.0
102/09/09,1189.0,23497.0,19.95,20.0,19.65,19.65,-0.30,543.0
102/09/10,1374.0,27270.0,19.65,20.1,19.65,19.7,0.05,609.0
102/09/11,1342.0,26210.0,19.75,19.75,19.35,19.55,-0.15,563.0
102/09/12,1464.0,28837.0,19.65,19.8,19.55,19.7,0.15,652.0
102/09/13,964.0,18883.0,19.7,19.8,19.5,19.5,-0.20,342.0
102/09/14,401.0,7812.0,19.4,19.6,19.4,19.55,0.05,208.0
102/09/16,858.0,16792.0,19.55,19.65,19.5,19.55,0.00,334.0
102/09/17,393.0,7665.0,19.55,19.6,19.5,19.5,-0.05,220.0
102/09/18,5144.0,102745.0,19.5,20.2,19.5,20.05,0.55,1699.0
102/09/23,2064.0,41486.0,20.1,20.25,20.0,20.1,0.05,791.0
102/09/24,2052.0,41654.0,20.25,20.45,20.05,20.3,0.20,785.0
102/09/25,12824.0,273927.0,20.5,21.7,20.5,21.7,1.40,4112.0
102/09/26,13251.0,289881.0,21.85,22.25,21.4,21.4,-0.30,3989.0
102/09/27,9943.0,219728.0,21.9,22.4,21.8,21.95,0.55,3212.0
102/09/30,5438.0,120257.0,21.95,22.4,21.8,22.15,0.20,1891.0
102/10/01,4359.0,95406.0,22.15,22.15,21.6,21.7,-0.45,1536.0
102/10/02,4857.0,107171.0,21.95,22.25,21.85,22.1,0.40,1819.0
102/10/03,3692.0,80913.0,22.15,22.2,21.75,21.95,-0.15,1268.0
102/10/04,6399.0,144217.0,21.95,22.85,21.95,22.35,0.40,2430.0
102/10/07,3599.0,79407.0,22.45,22.5,21.85,22.0,-0.35,1244.0
102/10/08,2657.0,58501.0,22.0,22.2,21.85,22.15,0.15,950.0
102/10/09,3085.0,67554.0,22.2,22.35,21.6,21.6,-0.55,1198.0
102/10/11,5061.0,106471.0,21.7,21.9,20.6,20.75,-0.85,1844.0
102/10/14,1809.0,37216.0,20.8,20.8,20.35,20.65,-0.10,785.0
102/10/15,1316.0,27503.0,21.1,21.15,20.7,21.0,0.35,568.0
102/10/16,1148.0,23968.0,21.0,21.05,20.7,20.95,-0.05,533.0
102/10/17,2590.0,53679.0,21.0,21.15,20.5,20.6,-0.35,1168.0
102/10/18,2242.0,46562.0,20.6,21.05,20.5,20.95,0.35,924.0
102/10/21,926.0,19197.0,20.85,20.9,20.65,20.65,-0.30,433.0
102/10/22,1414.0,28987.0,20.65,20.75,20.4,20.45,-0.20,682.0
102/10/23,1647.0,34085.0,20.65,20.85,20.45,20.6,0.15,700.0
102/10/24,2389.0,50153.0,20.7,21.25,20.7,21.0,0.40,931.0
102/10/25,1613.0,33564.0,21.25,21.25,20.65,20.65,-0.35,620.0
102/10/28,1092.0,22558.0,20.65,20.85,20.6,20.65,0.00,405.0
102/10/29,1169.0,24051.0,20.65,20.65,20.5,20.5,-0.15,535.0
102/10/30,1372.0,28138.0,20.5,20.7,20.4,20.45,-0.05,557.0
102/10/31,2061.0,41725.0,20.4,20.5,20.15,20.15,-0.30,893.0
102/11/01,3022.0,60166.0,20.15,20.15,19.7,19.95,-0.20,1169.0
102/11/04,1200.0,23795.0,19.95,19.95,19.75,19.85,-0.10,526.0
102/11/05,1926.0,38057.0,19.85,20.1,19.6,19.65,-0.20,805.0
102/11/06,1786.0,34672.0,19.65,19.65,19.25,19.35,-0.30,689.0
102/11/07,2100.0,41099.0,19.35,19.85,19.35,19.6,0.25,854.0
102/11/08,650.0,12712.0,19.6,19.75,19.45,19.6,0.00,305.0
102/11/11,789.0,15609.0,19.7,19.9,19.7,19.75,0.15,331.0
102/11/12,1306.0,26145.0,19.9,20.15,19.75,20.15,0.40,562.0
102/11/13,1040.0,20796.0,20.2,20.25,19.85,19.85,-0.30,437.0
102/11/14,902.0,18012.0,19.85,20.15,19.85,20.0,0.15,396.0
102/11/15,818.0,16421.0,20.0,20.2,20.0,20.05,0.05,393.0
102/11/18,986.0,19874.0,19.95,20.25,19.95,20.1,0.05,535.0
102/11/19,1704.0,34893.0,20.3,20.6,20.25,20.6,0.50,721.0
102/11/20,4848.0,101879.0,20.8,21.2,20.7,21.2,0.60,1835.0
102/11/21,2405.0,50978.0,21.3,21.4,21.0,21.25,0.05,1045.0
102/11/22,2262.0,48001.0,21.25,21.4,21.05,21.35,0.10,766.0
102/11/25,2675.0,57618.0,21.5,21.7,21.4,21.4,0.05,919.0
102/11/26,2317.0,49545.0,21.5,21.7,21.05,21.35,-0.05,972.0
102/11/27,1665.0,35171.0,21.4,21.4,21.0,21.05,-0.30,599.0
102/11/28,1138.0,24000.0,21.05,21.25,21.0,21.05,0.00,477.0
102/11/29,1215.0,25781.0,21.3,21.35,21.1,21.25,0.20,489.0
102/12/02,1145.0,24489.0,21.4,21.5,21.3,21.45,0.20,677.0
102/12/03,6473.0,142347.0,21.5,22.3,21.45,22.05,0.60,2353.0
102/12/04,3358.0,74397.0,22.2,22.4,21.9,22.1,0.05,1420.0
102/12/05,2752.0,60068.0,22.3,22.3,21.55,21.7,-0.40,926.0
102/12/06,1649.0,36002.0,21.7,22.05,21.65,21.85,0.15,867.0
102/12/09,1385.0,30205.0,22.0,22.15,21.65,21.7,-0.15,875.0
102/12/10,2196.0,46935.0,21.5,21.7,21.2,21.2,-0.50,898.0
102/12/11,1905.0,40035.0,21.2,21.4,20.8,20.95,-0.25,698.0
102/12/12,1060.0,22067.0,20.95,21.05,20.7,20.75,-0.20,458.0
102/12/13,1353.0,28078.0,20.7,20.9,20.6,20.9,0.15,707.0
102/12/16,717.0,14913.0,20.85,20.9,20.75,20.75,-0.15,378.0
102/12/17,2127.0,45128.0,21.0,21.35,20.9,21.3,0.55,999.0
102/12/18,1326.0,28352.0,21.35,21.5,21.25,21.4,0.10,518.0
102/12/19,1361.0,29089.0,21.5,21.5,21.1,21.1,-0.30,579.0
102/12/20,1400.0,30000.0,21.2,21.65,21.1,21.45,0.35,588.0
102/12/23,2844.0,62188.0,21.75,22.0,21.55,21.9,0.45,1125.0
102/12/24,1868.0,40477.0,21.9,21.95,21.5,21.6,-0.30,768.0
102/12/25,1068.0,23003.0,21.8,21.8,21.4,21.5,-0.10,617.0
102/12/26,1827.0,39336.0,21.5,21.65,21.45,21.55,0.05,700.0
102/12/27,7120.0,157354.0,21.6,22.4,21.6,22.05,0.50,2229.0
102/12/30,3056.0,67437.0,22.2,22.3,21.9,22.0,-0.05,1140.0
102/12/31,1954.0,42839.0,22.0,22.15,21.8,21.8,-0.20,759.0
103/01/02,1463.0,32095.0,21.9,22.1,21.8,21.85,0.05,553.0
103/01/03,2638.0,57951.0,21.85,22.15,21.85,22.0,0.15,844.0
103/01/06,2493.0,54722.0,22.0,22.2,21.7,21.7,-0.30,795.0
103/01/07,2356.0,50583.0,21.7,21.7,21.35,21.4,-0.30,899.0
103/01/08,1886.0,40445.0,21.4,21.75,21.3,21.3,-0.10,736.0
103/01/09,1626.0,34549.0,21.5,21.5,21.05,21.1,-0.20,647.0
103/01/10,1978.0,42417.0,21.2,21.7,21.15,21.4,0.30,768.0
103/01/13,1254.0,26911.0,21.65,21.65,21.35,21.4,0.00,482.0
103/01/14,2603.0,56566.0,21.4,21.85,21.4,21.75,0.35,1099.0
103/01/15,1883.0,40775.0,21.9,21.95,21.5,21.75,0.00,581.0
103/01/16,1258.0,27216.0,21.75,21.75,21.55,21.55,-0.20,518.0
103/01/17,2858.0,62529.0,21.65,22.1,21.6,21.9,0.35,998.0
103/01/20,4611.0,102455.0,22.15,22.35,22.05,22.2,0.30,1536.0
103/01/21,6582.0,147655.0,22.3,22.65,22.2,22.55,0.35,1951.0
103/01/22,4823.0,109432.0,22.7,22.95,22.4,22.55,0.00,1573.0
103/01/23,2551.0,57478.0,22.6,22.75,22.4,22.55,0.00,1114.0
103/01/24,1523.0,34186.0,22.45,22.55,22.4,22.45,-0.10,530.0
103/01/27,2169.0,48255.0,22.35,22.4,22.1,22.35,-0.10,733.0
103/02/05,2137.0,47087.0,22.0,22.2,21.9,22.0,-0.35,776.0
103/02/06,8479.0,195394.0,22.0,23.5,22.0,23.5,1.50,2887.0
103/02/07,16410.0,395078.0,23.9,24.5,23.7,23.85,0.35,4917.0
103/02/10,10794.0,263463.0,24.1,24.75,23.9,23.95,0.10,3915.0
103/02/11,4263.0,102082.0,23.95,24.15,23.65,24.1,0.15,1549.0
103/02/12,7620.0,186152.0,24.1,24.8,23.85,24.4,0.30,2737.0
103/02/13,6128.0,150102.0,24.4,24.8,24.1,24.55,0.15,1871.0
103/02/14,4685.0,115117.0,24.65,24.75,24.35,24.5,-0.05,1415.0
103/02/17,4524.0,109413.0,24.5,24.5,23.9,24.15,-0.35,1662.0
103/02/18,9769.0,244132.0,24.4,25.35,24.3,25.25,1.10,3742.0
103/02/19,6444.0,162158.0,25.3,25.45,25.0,25.0,-0.25,1912.0
103/02/20,5652.0,140190.0,25.25,25.25,24.5,24.5,-0.50,1928.0
103/02/21,6459.0,160639.0,24.6,25.3,24.55,24.85,0.35,2250.0
103/02/24,5313.0,130665.0,25.0,25.15,24.35,24.45,-0.40,1733.0
103/02/25,2772.0,67965.0,24.5,24.65,24.4,24.55,0.10,902.0
103/02/26,4720.0,114263.0,24.4,24.5,24.05,24.1,-0.45,1435.0
103/02/27,3706.0,89066.0,24.1,24.35,23.9,23.95,-0.15,1335.0
103/03/03,4647.0,112879.0,24.0,24.65,23.8,24.5,0.55,1723.0
103/03/04,13902.0,350183.0,24.8,25.75,24.75,24.9,0.40,4775.0
103/03/05,5530.0,136371.0,25.0,25.05,24.5,24.5,-0.40,2040.0
103/03/06,4204.0,102142.0,24.5,24.6,24.15,24.2,-0.30,1596.0
103/03/07,7817.0,185774.0,24.35,24.35,23.4,23.5,-0.70,2820.0
103/03/10,3935.0,90776.0,23.5,23.5,22.95,23.05,-0.45,1547.0
103/03/11,4053.0,94962.0,23.2,23.65,23.05,23.65,0.60,1487.0
103/03/12,3912.0,93751.0,23.85,24.15,23.7,23.95,0.30,1432.0
103/03/13,2548.0,60886.0,24.2,24.25,23.65,23.7,-0.25,1069.0
103/03/14,2811.0,65596.0,23.5,23.6,23.2,23.25,-0.45,1029.0
103/03/17,1679.0,39231.0,23.3,23.55,23.2,23.35,0.10,776.0
103/03/18,2926.0,69289.0,23.6,24.0,23.5,23.85,0.50,1288.0
103/03/19,2326.0,55502.0,23.95,24.0,23.75,23.9,0.05,1045.0
103/03/20,1954.0,46044.0,23.8,23.85,23.4,23.65,-0.25,660.0
103/03/21,8147.0,198109.0,23.7,24.85,23.5,24.5,0.85,2912.0
103/03/24,6294.0,152825.0,24.5,24.85,23.8,24.25,-0.25,2061.0
103/03/25,3296.0,80849.0,24.45,24.75,24.25,24.55,0.30,1068.0
103/03/26,6382.0,157804.0,24.75,25.15,24.25,24.25,-0.30,2204.0
103/03/27,4801.0,114792.0,24.25,24.25,23.7,23.8,-0.45,1574.0
103/03/28,2237.0,53019.0,23.8,24.0,23.6,23.6,-0.20,958.0
103/03/31,1277.0,30398.0,23.6,23.95,23.6,23.95,0.35,641.0
103/04/01,1449.0,34451.0,24.0,24.0,23.7,23.75,-0.20,569.0
103/04/02,1748.0,41714.0,23.8,24.0,23.75,23.75,0.00,768.0
103/04/03,1346.0,31958.0,23.8,23.85,23.65,23.65,-0.10,555.0
103/04/07,1103.0,26167.0,23.5,23.9,23.5,23.8,0.15,486.0
103/04/08,2895.0,69996.0,23.85,24.4,23.85,24.25,0.45,1065.0
103/04/09,2624.0,63732.0,24.4,24.45,24.0,24.2,-0.05,991.0
103/04/10,1366.0,32943.0,24.2,24.35,24.0,24.0,-0.20,509.0
103/04/11,2436.0,58917.0,23.9,24.6,23.8,24.05,0.05,918.0
103/04/14,1509.0,35806.0,24.2,24.2,23.5,23.55,-0.50,697.0
103/04/15,1172.0,27912.0,23.6,24.1,23.6,23.8,0.25,479.0
103/04/16,790.0,18838.0,23.8,23.95,23.7,23.85,0.05,319.0
103/04/17,6024.0,147611.0,24.1,24.8,24.1,24.5,0.65,2075.0
103/04/18,11165.0,278600.0,24.6,25.35,24.5,24.75,0.25,3563.0
103/04/21,15837.0,402244.0,24.9,25.8,24.7,25.35,0.60,4801.0
103/04/22,10481.0,264387.0,25.75,25.85,24.9,24.95,-0.40,3204.0
103/04/23,4656.0,116331.0,25.2,25.25,24.8,24.8,-0.15,2118.0
103/04/24,6357.0,159811.0,24.9,25.4,24.75,25.2,0.40,2061.0
103/04/25,8120.0,199522.0,25.45,25.45,23.9,24.35,-0.85,2713.0
103/04/28,4800.0,113967.0,23.4,24.05,23.4,23.8,-0.55,1730.0
103/04/29,2352.0,57165.0,23.85,24.55,23.85,24.5,0.70,1220.0
103/04/30,2749.0,67548.0,24.5,24.8,24.25,24.45,-0.05,1149.0
103/05/02,3588.0,89240.0,24.35,25.1,24.3,24.95,0.50,1400.0
103/05/05,3197.0,79986.0,25.0,25.35,24.85,25.05,0.10,880.0
103/05/06,1645.0,41015.0,25.2,25.2,24.8,24.85,-0.20,552.0
103/05/07,1289.0,31929.0,24.8,24.85,24.65,24.75,-0.10,626.0
103/05/08,5112.0,128866.0,24.75,25.6,24.75,25.05,0.30,1587.0
103/05/09,3743.0,94110.0,25.4,25.5,24.7,24.7,-0.35,1190.0
103/05/12,2735.0,67616.0,24.75,24.85,24.45,24.7,0.00,773.0
103/05/13,2479.0,60911.0,24.9,25.1,24.2,24.35,-0.35,854.0
103/05/14,4119.0,98432.0,24.5,24.55,23.6,23.75,-0.60,1566.0
103/05/15,2058.0,49323.0,23.75,24.15,23.75,24.0,0.25,873.0
103/05/16,1251.0,29804.0,24.0,24.0,23.7,24.0,0.00,490.0
103/05/19,1275.0,30506.0,24.2,24.2,23.75,23.75,-0.25,473.0
103/05/20,2210.0,52305.0,23.8,24.0,23.45,23.55,-0.20,749.0
103/05/21,3312.0,76864.0,23.5,23.6,23.0,23.2,-0.35,1156.0
103/05/22,1833.0,43072.0,23.4,23.6,23.3,23.55,0.35,803.0
103/05/23,1409.0,32932.0,23.55,23.6,23.25,23.35,-0.20,571.0
103/05/26,2453.0,56841.0,23.15,23.35,23.05,23.25,-0.10,782.0
103/05/27,1968.0,45664.0,23.05,23.3,23.05,23.3,0.05,758.0
103/05/28,1431.0,33616.0,23.3,23.6,23.2,23.6,0.30,594.0
103/05/29,648.0,15221.0,23.6,23.7,23.4,23.45,-0.15,316.0
103/05/30,1125.0,26236.0,23.65,23.65,23.2,23.2,-0.25,502.0
103/06/03,1252.0,29090.0,23.2,23.3,23.15,23.3,0.10,489.0
103/06/04,2616.0,60091.0,23.2,23.2,22.8,22.8,-0.50,966.0
103/06/05,1674.0,38591.0,22.8,23.35,22.8,23.35,0.55,797.0
103/06/06,3041.0,71844.0,23.5,23.85,23.35,23.8,0.45,1116.0
103/06/09,3982.0,96863.0,23.9,24.75,23.9,24.3,0.50,1492.0
103/06/10,3665.0,89460.0,24.3,24.65,24.15,24.2,-0.10,1290.0
103/06/11,13192.0,331060.0,24.6,25.45,24.5,25.35,1.15,3597.0
103/06/12,7725.0,196059.0,25.5,25.55,25.05,25.35,0.00,2069.0
103/06/13,8987.0,229918.0,25.35,25.8,25.35,25.45,0.10,2524.0
103/06/16,12383.0,329244.0,25.8,27.2,25.75,26.8,1.35,3967.0
103/06/17,8466.0,225787.0,27.2,27.25,26.2,26.35,-0.45,2823.0
103/06/18,6606.0,172023.0,26.35,26.55,25.6,25.9,-0.45,2087.0
103/06/19,7964.0,212689.0,25.9,27.35,25.9,26.6,0.70,3275.0
103/06/20,3891.0,103188.0,26.65,26.8,26.3,26.5,-0.10,1175.0
103/06/23,4546.0,116397.0,26.5,26.6,25.15,25.15,-1.35,1573.0
103/06/24,2675.0,68452.0,25.2,25.9,25.2,25.9,0.75,867.0
103/06/25,2695.0,69762.0,25.8,26.2,25.55,25.6,-0.30,787.0
103/06/26,2455.0,63593.0,25.7,26.3,25.5,25.9,0.30,1053.0
103/06/27,7526.0,200905.0,26.1,27.05,26.1,26.5,0.60,2549.0
103/06/30,6563.0,177027.0,26.85,27.2,26.7,26.8,0.30,2467.0
103/07/01,13937.0,386103.0,27.05,28.2,26.55,27.95,1.15,4332.0
103/07/02,10910.0,303585.0,28.45,28.9,27.0,27.05,-0.90,4004.0
103/07/03,3073.0,83489.0,27.1,27.4,27.05,27.05,0.00,1294.0
103/07/04,2673.0,72887.0,27.1,27.55,27.1,27.15,0.10,1021.0
103/07/07,2793.0,76069.0,27.25,27.55,27.05,27.2,0.05,954.0
103/07/08,2374.0,65005.0,27.35,27.65,27.15,27.2,0.00,975.0
103/07/09,3515.0,94147.0,27.1,27.4,26.45,26.7,-0.50,1459.0
103/07/10,2104.0,56684.0,26.7,27.1,26.7,26.95,0.25,873.0
103/07/11,3985.0,105512.0,26.95,27.0,26.0,26.3,-0.65,1392.0
103/07/14,4757.0,124230.0,26.3,26.45,25.9,26.3,0.00,1567.0
103/07/15,5531.0,143771.0,26.1,26.7,25.6,25.6,-0.20,1874.0
103/07/16,2774.0,71675.0,25.6,26.1,25.5,25.65,0.05,1509.0
103/07/17,2558.0,66491.0,25.8,26.3,25.8,25.85,0.20,1063.0
103/07/18,4752.0,125493.0,26.0,26.7,25.9,26.5,0.65,1824.0
103/07/21,2542.0,67521.0,26.75,26.9,26.3,26.5,0.00,1111.0
103/07/22,4585.0,119947.0,26.8,26.8,25.85,25.95,-0.55,1474.0
103/07/24,5940.0,150900.0,26.0,26.0,25.2,25.2,-0.75,2172.0
103/07/25,3458.0,86483.0,25.3,25.4,24.8,24.95,-0.25,1477.0
103/07/28,2678.0,68066.0,25.0,25.65,25.0,25.45,0.50,1311.0
103/07/29,3337.0,85454.0,25.6,25.8,25.4,25.5,0.05,1253.0
103/07/30,1452.0,36808.0,25.65,25.65,25.2,25.3,-0.20,574.0
103/07/31,1238.0,31375.0,25.4,25.5,25.25,25.45,0.15,447.0
103/08/01,1329.0,33679.0,25.0,25.6,24.95,25.5,0.05,671.0
103/08/04,5454.0,142534.0,25.5,26.45,25.5,25.95,0.45,1992.0
103/08/05,3494.0,90058.0,26.0,26.1,25.55,25.55,-0.40,1230.0
103/08/06,4416.0,109333.0,25.75,25.75,24.15,24.55,-1.00,1743.0
103/08/07,1428.0,35067.0,24.65,24.8,24.4,24.5,-0.05,621.0
103/08/08,2388.0,57247.0,24.5,24.5,23.75,24.1,-0.40,975.0
103/08/11,1417.0,34585.0,24.3,24.6,24.2,24.5,0.40,463.0
103/08/12,1731.0,42029.0,24.5,24.55,24.1,24.2,-0.30,711.0
103/08/13,1744.0,42000.0,24.1,24.3,24.0,24.15,-0.05,764.0
103/08/14,1288.0,31009.0,24.2,24.25,24.0,24.0,-0.15,511.0
103/08/15,1824.0,44357.0,24.2,24.5,24.05,24.3,0.30,909.0
103/08/18,980.0,23702.0,24.35,24.55,24.0,24.05,-0.25,660.0
103/08/19,1406.0,33976.0,24.25,24.3,24.0,24.25,0.20,527.0
103/08/20,2816.0,67301.0,24.3,24.3,23.7,23.75,-0.50,1310.0
103/08/21,2185.0,51769.0,23.85,23.9,23.6,23.6,-0.15,968.0
103/08/22,4085.0,99662.0,23.8,24.95,23.6,24.95,1.35,1834.0
103/08/25,5315.0,134057.0,25.2,25.4,24.95,25.35,0.40,2299.0
103/08/26,3867.0,97712.0,25.45,25.6,25.05,25.1,-0.25,1861.0
103/08/27,2704.0,67947.0,25.3,25.35,24.9,25.05,-0.05,1300.0
103/08/28,2115.0,52968.0,25.05,25.15,24.9,25.0,-0.05,852.0
103/08/29,3459.0,87472.0,25.1,25.5,25.0,25.0,0.00,1394.0
103/09/01,1283.0,32164.0,25.1,25.2,24.95,25.05,0.05,532.0
103/09/02,1729.0,42913.0,25.05,25.15,24.6,24.6,-0.45,751.0
103/09/03,1613.0,40128.0,24.7,25.05,24.6,24.95,0.35,905.0
103/09/04,1218.0,30388.0,25.05,25.2,24.8,24.8,-0.15,710.0
103/09/05,2806.0,70948.0,25.1,25.5,24.9,25.05,0.25,1103.0
103/09/09,1388.0,34528.0,25.2,25.3,24.75,24.8,-0.25,611.0
103/09/10,2967.0,71988.0,24.7,24.75,24.1,24.2,-0.60,1433.0
103/09/11,2848.0,68472.0,24.2,24.25,23.9,24.0,-0.20,1281.0
103/09/12,2900.0,68991.0,24.0,24.0,23.65,23.85,-0.15,1454.0
103/09/15,1643.0,39436.0,23.6,24.2,23.6,24.0,0.15,527.0
103/09/16,1800.0,43010.0,24.2,24.2,23.7,23.75,-0.25,760.0
103/09/17,1061.0,25406.0,23.8,24.05,23.8,23.9,0.15,519.0
103/09/18,829.0,19988.0,24.1,24.3,23.9,24.1,0.20,430.0
103/09/19,1118.0,27140.0,24.3,24.5,24.1,24.1,0.00,513.0
103/09/22,1038.0,24822.0,24.1,24.1,23.8,23.85,-0.25,397.0
103/09/23,1154.0,27515.0,23.75,24.1,23.7,23.8,-0.05,578.0
103/09/24,976.0,23240.0,23.8,24.0,23.7,23.9,0.10,394.0
103/09/25,990.0,23556.0,24.0,24.0,23.7,23.7,-0.20,413.0
103/09/26,1202.0,28080.0,23.3,23.6,23.05,23.3,-0.40,488.0
103/09/29,891.0,20682.0,23.35,23.5,23.1,23.1,-0.20,386.0
103/09/30,2656.0,61249.0,23.0,23.45,22.85,22.95,-0.15,1074.0
103/10/01,925.0,21247.0,22.95,23.15,22.85,22.85,-0.10,454.0
103/10/02,2502.0,56162.0,22.9,22.9,22.35,22.4,-0.45,1082.0
103/10/03,4580.0,101479.0,22.2,22.7,21.8,22.25,-0.15,1696.0
103/10/06,4096.0,89862.0,22.4,22.4,21.75,21.9,-0.35,1299.0
103/10/07,1640.0,36032.0,21.9,22.2,21.85,21.95,0.05,715.0
103/10/08,1397.0,30370.0,21.9,21.95,21.65,21.65,-0.30,592.0
103/10/09,2035.0,43620.0,21.8,21.9,21.15,21.15,-0.50,957.0
103/10/13,5578.0,112308.0,20.8,20.85,19.7,19.95,-1.20,1826.0
103/10/14,2406.0,48209.0,19.95,20.25,19.75,20.15,0.20,915.0
103/10/15,1117.0,22420.0,20.2,20.2,19.95,20.15,0.00,572.0
103/10/16,1399.0,27846.0,20.0,20.1,19.6,20.05,-0.10,705.0
103/10/17,1619.0,32550.0,20.05,20.5,20.0,20.05,0.00,623.0
103/10/20,808.0,16422.0,20.35,20.45,20.2,20.4,0.35,442.0
103/10/21,1135.0,22854.0,20.4,20.4,20.0,20.1,-0.30,635.0
103/10/22,1872.0,37885.0,20.3,20.35,20.15,20.25,0.15,888.0
103/10/23,685.0,13835.0,20.4,20.4,20.1,20.2,-0.05,331.0
103/10/24,985.0,19885.0,20.4,20.4,20.05,20.1,-0.10,488.0
103/10/27,1642.0,32545.0,20.1,20.15,19.6,19.9,-0.20,600.0
103/10/28,2173.0,44043.0,20.1,20.5,20.1,20.2,0.30,829.0
103/10/29,2124.0,42875.0,20.45,20.45,19.95,20.2,0.00,1196.0
103/10/30,1588.0,31854.0,20.25,20.3,20.0,20.0,-0.20,671.0
103/10/31,1249.0,25163.0,20.15,20.25,20.05,20.15,0.15,625.0
103/11/03,4723.0,98846.0,20.25,21.55,20.15,21.4,1.25,1834.0
103/11/04,3228.0,67845.0,21.4,21.4,20.85,20.9,-0.50,1027.0
103/11/05,1099.0,22818.0,20.9,20.95,20.65,20.7,-0.20,524.0
103/11/06,2236.0,46845.0,20.7,21.2,20.7,20.85,0.15,830.0
103/11/07,846.0,17652.0,20.85,21.0,20.75,20.8,-0.05,368.0
103/11/10,703.0,14780.0,20.85,21.25,20.8,21.0,0.20,328.0
103/11/11,2139.0,44107.0,21.05,21.1,20.4,20.4,-0.60,806.0
103/11/12,1539.0,31139.0,20.3,20.55,20.05,20.1,-0.30,639.0
103/11/13,1028.0,20738.0,20.1,20.3,20.05,20.2,0.10,389.0
103/11/14,883.0,17836.0,20.2,20.3,20.1,20.15,-0.05,289.0
103/11/17,806.0,16203.0,20.2,20.3,20.0,20.05,-0.10,350.0
103/11/18,1731.0,34379.0,20.2,20.2,19.55,19.8,-0.25,710.0
103/11/19,2364.0,47426.0,19.8,20.35,19.7,20.2,0.40,937.0
103/11/20,3513.0,71270.0,20.3,20.55,20.1,20.1,-0.10,971.0
103/11/21,1207.0,24369.0,20.3,20.35,20.05,20.2,0.10,505.0
103/11/24,5783.0,119219.0,20.25,21.2,20.0,20.8,0.60,1988.0
103/11/25,1908.0,39301.0,20.9,20.9,20.45,20.45,-0.35,689.0
103/11/26,2111.0,42767.0,20.5,20.55,20.15,20.2,-0.25,766.0
103/11/27,725.0,14745.0,20.3,20.4,20.25,20.3,0.10,314.0
103/11/28,3051.0,63113.0,20.35,20.85,20.3,20.65,0.35,1158.0
103/12/01,1751.0,36221.0,20.3,20.9,20.3,20.9,0.25,707.0
103/12/02,3366.0,71130.0,20.9,21.35,20.8,21.15,0.25,1200.0
103/12/03,3942.0,83395.0,21.4,21.4,20.9,21.05,-0.10,1261.0
103/12/04,1751.0,37081.0,21.05,21.4,21.0,21.15,0.10,594.0
103/12/05,3830.0,82833.0,21.2,21.85,21.2,21.8,0.65,1254.0
103/12/08,2471.0,53513.0,21.9,21.9,21.55,21.55,-0.25,684.0
103/12/09,2836.0,60316.0,21.55,21.7,21.0,21.1,-0.45,993.0
103/12/10,2506.0,52302.0,21.0,21.2,20.7,20.75,-0.35,771.0
103/12/11,1272.0,26455.0,20.75,20.95,20.65,20.85,0.10,404.0
103/12/12,943.0,19830.0,20.95,21.15,20.95,21.05,0.20,335.0
103/12/15,796.0,16669.0,20.9,21.05,20.85,20.95,-0.10,250.0
103/12/16,683.0,14268.0,20.8,21.0,20.8,20.85,-0.10,332.0
103/12/17,1224.0,25527.0,20.8,21.1,20.75,20.75,-0.10,483.0
103/12/18,1135.0,23602.0,21.0,21.0,20.65,20.65,-0.10,502.0
103/12/19,1517.0,31498.0,20.95,20.95,20.6,20.75,0.10,565.0
103/12/22,1128.0,23597.0,20.85,21.0,20.85,21.0,0.25,546.0
103/12/23,1896.0,40360.0,21.1,21.4,21.1,21.4,0.40,797.0
103/12/24,2876.0,61921.0,21.5,21.65,21.3,21.6,0.20,972.0
103/12/25,2273.0,49212.0,21.7,21.85,21.4,21.6,0.00,690.0
103/12/26,1621.0,35176.0,21.7,21.9,21.5,21.6,0.00,497.0
103/12/27,6221.0,137497.0,21.75,22.45,21.6,22.25,0.65,1912.0
103/12/29,2836.0,63021.0,22.3,22.45,22.0,22.05,-0.20,874.0
103/12/30,2021.0,44532.0,22.1,22.3,21.8,21.85,-0.20,779.0
103/12/31,1171.0,25719.0,21.85,22.1,21.8,21.95,0.10,408.0
104/01/05,711.0,15603.0,22.1,22.1,21.85,21.95,0.00,298.0
104/01/06,1783.0,38580.0,21.8,21.95,21.45,21.5,-0.45,595.0
104/01/07,742.0,16045.0,21.5,21.75,21.4,21.7,0.20,289.0
104/01/08,1278.0,27905.0,21.8,21.95,21.7,21.75,0.05,477.0
104/01/09,1675.0,36745.0,22.0,22.05,21.75,22.0,0.25,563.0
104/01/12,2257.0,49874.0,22.0,22.3,21.85,22.15,0.15,577.0
104/01/13,2230.0,49489.0,22.3,22.3,22.0,22.2,0.05,789.0
104/01/14,1510.0,33483.0,22.25,22.3,22.1,22.2,0.00,380.0
104/01/15,1597.0,35294.0,22.2,22.25,21.95,22.0,-0.20,447.0
104/01/16,1892.0,41347.0,22.0,22.0,21.75,21.8,-0.20,510.0
104/01/19,1507.0,33044.0,22.0,22.05,21.8,21.85,0.05,349.0
104/01/20,1511.0,33373.0,21.9,22.15,21.8,22.05,0.20,372.0
104/01/21,3107.0,69366.0,22.2,22.6,22.05,22.3,0.25,846.0
104/01/22,2480.0,55428.0,22.4,22.45,22.2,22.3,0.00,742.0
104/01/23,3498.0,78789.0,22.45,22.75,22.3,22.5,0.20,1255.0
104/01/26,2633.0,59087.0,22.5,22.7,22.25,22.3,-0.20,732.0
104/01/27,1863.0,41801.0,22.3,22.55,22.3,22.4,0.10,639.0
104/01/28,1813.0,40692.0,22.35,22.6,22.3,22.4,0.00,514.0
104/01/29,1871.0,41984.0,22.4,22.6,22.25,22.45,0.05,478.0
104/01/30,1372.0,30625.0,22.45,22.45,22.2,22.3,-0.15,453.0
104/02/02,1389.0,30727.0,22.15,22.2,22.05,22.1,-0.20,522.0
104/02/03,1183.0,26255.0,22.1,22.35,22.05,22.1,0.00,532.0
104/02/04,1195.0,26649.0,22.2,22.4,22.15,22.15,0.05,425.0
104/02/05,739.0,16442.0,22.15,22.35,22.15,22.25,0.10,252.0
104/02/06,765.0,17058.0,22.25,22.4,22.15,22.3,0.05,239.0
